[1,["ecpdLyjvZBwrvm+cedCcQy","6dkeWRTOBGXICfYQ7JUBnG","73j93vQIJG3pTxx/0ExJKZ","ff7hbTkK1PbrVKzgMutS1x","afCaBYGYZOZ44d2p5EksUK","5cUxY81kFIFLcB7YbSobCH","63JBuIFx9D9avXJAI8x/zo","1381tMrUlDvKT0GbBHGmf7","9dhwQJ0FdPXp21WhGOvfrC","96E3uDtMlGD5XSBAGXOhDj","04dcHCKqlFU5LPEMv2Onfv","0bGgGaoe9OjbXlgrBrmoA8","b1ORK/wZxN44TNDKof9xot","7050rBUVxCtIoYWmLCg5Ys","7476u1f2FEFbx2eqq8yQJQ","364UxnCvJK76djx0heWtPl","b1BMwA1sBLfqNbRNfPeUjj","999J/4qnJK7rAqN9oYdoGm","8clZjF08JD/58fzsvvHBxt","f8i//wn+1Gw591zlnOldWW","b2WxALGFJNFIVk2syuzys+","6fYNxKhUBFop2SDtNh0A0Y","bcsOSMxoRJUaFLcwfD9HtT","d8DZtAM+dCVYw9NH4WqidZ","e3K2pyvplEKKLqGXvEThde","63t1BTB+RGhIQY+hhNPDZS","b9VbR297dKLZqo1qKd/cni","4d/29PJitFV4osvJ7hwlqb","9dvEWMxwZAxpCsChhzicSf","469X+xC9tM7bRQg8TbuBOM","4cGdtcgs5JCLHrh4RG+BFo","ce2qWIZHdL2aLFm0E+rAjr","2cUv+w7SBPibFrqnZ1cncO","21NXdyaBBIraDYOBEQ0GS5","261ytCz1BMWJmS09Ny4cA+","29AFrlouhIbofvGTaFiE+u","fcRCTeq5xF8bNVP7EvvKbv","fb/9ozP2FJo5bXZ5PUU6KQ","856ONA5rNIhby3eMLTcWfq","0fXNs5kiVFq4rDTcBa1aDL","2bcZOcUT1J8LoZXdHImL8h","a6o5jX/uJORJaCwfcVBQ69","02oaz4NHlN1L4FXYHR1+LX","a8a9Hk1udFtKbPN6rTt/YY","9f4gx4dIRL+qsTM2g3KsMm","cdw3LofGhF/4+EWS7KRZ5t","a5taCaTntPpZc1lQ/UtP9j"],["_parent","_model","node","_mesh","_skeleton","diffuseTexture","_effectAsset","root","LightSpot","mainCoillder","data","_spriteFrame","_defaultClip"],[["cc.Node",["_name","_is3DNode","_active","_groupIndex","_prefab","_trs","_eulerAngles","_parent","_children","_components","_contentSize"],-1,4,7,5,1,2,9,5],["cc.Node",["_name","_is3DNode","_prefab","_trs","_eulerAngles","_parent","_children","_components"],1,4,7,5,1,12,2],["cc.ParticleSystem",["_custom","playOnLoad","totalParticles","emissionRate","lifeVar","angle","angleVar","endSize","startSpinVar","endSpinVar","emitterMode","endRadius","endRadiusVar","_dstBlendFactor","duration","life","startSize","startSizeVar","endSizeVar","startRadius","startRadiusVar","node","_materials","_startColor","_startColorVar","_endColor","_endColorVar"],-18,1,3,8,8,8,8],["cc.BufferRange",["length","offset"],1],["cc.PrefabInfo",["fileId","root"],2,1],["cc.Mesh",["_native","_vertexBundles","_primitives","_minPos","_maxPos"],2,9,9,5,5],["cc.mesh.VertexBundle",["verticesCount","data","formats"],2,4,9],["cc.mesh.VertexFormat",["name","type","num"],0],["cc.mesh.Primitive",["vertexBundleIndices","data"],2,4],["cc.SkeletonAnimationClip",["_name","_native","_duration","sample","wrapMode","description"],-3],["cc.Skeleton",["_skinIndex","_jointIndices"],1],["cc.Model",["_name","_nodes"],1],["cc.Prefab",["_name","optimizationPolicy"],1],["cc.Node",["_name","_is3DNode","_parent","_children","_components","_prefab","_trs"],1,1,2,2,4,7],["cc.Node",["_name","_is3DNode","_parent","_children","_prefab","_trs","_eulerAngles"],1,1,9,4,7,5],["cefbfwyZ5BAaaN99iF81XIu",["node","mainCoillder","ModelAni","SMR","ModelMat","Smoke","LightSpot","BurnMat","ice_group"],3,1,1,2,2,3,2,1,3,2],["cc.Sprite",["node","_materials","_spriteFrame"],3,1,3,6],["cc.CircleCollider",["_radius","node"],2,1],["cc.SkinnedMeshRenderer",["node","_materials","_rootBone"],3,1,3,1],["cc.SkeletonAnimation",["node","_clips"],3,1,3],["cc.Material",["_techniqueData"],3,11]],[[4,0,1,2],[0,0,1,7,8,4,5,6,3],[0,0,1,7,4,5,6,3],[14,0,1,2,3,4,5,6,3],[9,0,1,2,3,4,5,7],[7,0,1,2,4],[0,0,1,8,4,5,6,3],[0,0,3,7,9,4,5,3],[1,0,1,6,2,3,4,3],[17,0,1,2],[5,0,1,2,3,4,2],[6,0,1,2,2],[3,0,2],[3,1,0,3],[8,0,1,2],[10,0,1,3],[11,0,1,3],[1,0,1,5,7,2,3,4,3],[1,0,5,7,2,3,2],[13,0,1,2,3,4,5,6,3],[18,0,1,2,1],[19,0,1,1],[20,0,1],[1,0,1,5,6,2,3,4,3],[12,0,1,3],[0,0,8,9,4,6,2],[0,0,7,8,4,5,2],[0,0,2,7,9,4,10,5,6,3],[15,0,1,2,3,4,5,6,7,8,1],[4,1,1],[16,0,1,2,1],[2,13,0,1,2,14,3,15,4,5,6,7,8,9,10,11,12,21,22,23,24,25,26,17],[2,0,1,2,14,3,15,4,5,6,7,8,9,10,11,12,21,22,23,24,25,26,16],[2,13,0,1,2,3,4,5,6,16,17,7,18,8,9,10,19,20,11,12,21,22,23,24,25,26,20]],[[[[10,".bin",[[11,4881,[12,390480],[[5,"a_color0",5126,4],[5,"a_joints",5123,4],[5,"a_normal",5126,3],[5,"a_position",5126,3],[5,"a_uv0",5126,2],[5,"a_uv1",5126,2],[5,"a_weights",5126,4]]]],[[14,[0],[13,390480,45060]]],[1,-0.2408726811409,-0.905305027961731,0.00554824806749821],[1,0.316915720701218,0.905304908752441,1.97964370250702]],-1],0,0,[],[],[]],[[[4,"RubStart",".bin",2,30,2,{"New_Motion/GD_Root002/Bone096/Bone100":{"quat":{"offset":0,"frameCount":38},"scale":{"offset":190,"frameCount":10},"position":{"offset":230,"frameCount":1}},"New_Motion/GD_Root002/Bone096/Bone100/Bone097":{"quat":{"offset":234,"frameCount":11},"scale":{"offset":289,"frameCount":1},"position":{"offset":293,"frameCount":1}},"New_Motion/GD_Root002/Bone096/Bone100/Bone101":{"quat":{"offset":297,"frameCount":19},"scale":{"offset":392,"frameCount":41},"position":{"offset":556,"frameCount":1}},"New_Motion/GD_Root002/Bone096/Bone100/Bone101/Bone104":{"scale":{"offset":560,"frameCount":29},"quat":{"offset":676,"frameCount":1},"position":{"offset":681,"frameCount":1}},"New_Motion/GD_Root002/Bone096/Bone100/Bone102":{"quat":{"offset":685,"frameCount":11},"scale":{"offset":740,"frameCount":1},"position":{"offset":744,"frameCount":1}},"New_Motion/GD_Root002/Lamp_cap_Point001":{"position":{"offset":748,"frameCount":40},"quat":{"offset":908,"frameCount":42},"scale":{"offset":1118,"frameCount":1}},"New_Motion":{"quat":{"offset":1122,"frameCount":1},"scale":{"offset":1127,"frameCount":1},"position":{"offset":1131,"frameCount":1}},"New_Motion/GD_Root002":{"quat":{"offset":1135,"frameCount":1},"scale":{"offset":1140,"frameCount":1},"position":{"offset":1144,"frameCount":1}},"New_Motion/GD_Root002/Bone096":{"quat":{"offset":1148,"frameCount":1},"scale":{"offset":1153,"frameCount":1},"position":{"offset":1157,"frameCount":1}},"New_Motion/GD_Root002/Bone096/Bone100/Bone097/Bone098":{"quat":{"offset":1161,"frameCount":1},"scale":{"offset":1166,"frameCount":1},"position":{"offset":1170,"frameCount":1}},"New_Motion/GD_Root002/Bone096/Bone100/Bone102/Bone103":{"quat":{"offset":1174,"frameCount":1},"scale":{"offset":1179,"frameCount":1},"position":{"offset":1183,"frameCount":1}},"New_Motion/GD_Root002/Lamp_cap_Point001/Bone099":{"quat":{"offset":1187,"frameCount":1},"scale":{"offset":1192,"frameCount":1},"position":{"offset":1196,"frameCount":1}}}],-1],0,0,[],[],[]],[[[4,"RubReady",".bin",1,30,2,{"New_Motion/GD_Root002":{"scale":{"offset":0,"frameCount":15},"quat":{"offset":60,"frameCount":1},"position":{"offset":65,"frameCount":1}},"New_Motion/GD_Root002/Bone096/Bone100":{"quat":{"offset":69,"frameCount":19},"scale":{"offset":164,"frameCount":17},"position":{"offset":232,"frameCount":1}},"New_Motion/GD_Root002/Bone096/Bone100/Bone097":{"quat":{"offset":236,"frameCount":22},"scale":{"offset":346,"frameCount":1},"position":{"offset":350,"frameCount":1}},"New_Motion/GD_Root002/Bone096/Bone100/Bone101":{"quat":{"offset":354,"frameCount":17},"scale":{"offset":439,"frameCount":25},"position":{"offset":539,"frameCount":1}},"New_Motion/GD_Root002/Bone096/Bone100/Bone101/Bone104":{"scale":{"offset":543,"frameCount":24},"quat":{"offset":639,"frameCount":1},"position":{"offset":644,"frameCount":1}},"New_Motion/GD_Root002/Bone096/Bone100/Bone102":{"quat":{"offset":648,"frameCount":22},"scale":{"offset":758,"frameCount":1},"position":{"offset":762,"frameCount":1}},"New_Motion/GD_Root002/Lamp_cap_Point001":{"position":{"offset":766,"frameCount":25},"quat":{"offset":866,"frameCount":25},"scale":{"offset":991,"frameCount":1}},"New_Motion":{"quat":{"offset":995,"frameCount":1},"scale":{"offset":1000,"frameCount":1},"position":{"offset":1004,"frameCount":1}},"New_Motion/GD_Root002/Bone096":{"quat":{"offset":1008,"frameCount":1},"scale":{"offset":1013,"frameCount":1},"position":{"offset":1017,"frameCount":1}},"New_Motion/GD_Root002/Bone096/Bone100/Bone097/Bone098":{"quat":{"offset":1021,"frameCount":1},"scale":{"offset":1026,"frameCount":1},"position":{"offset":1030,"frameCount":1}},"New_Motion/GD_Root002/Bone096/Bone100/Bone102/Bone103":{"quat":{"offset":1034,"frameCount":1},"scale":{"offset":1039,"frameCount":1},"position":{"offset":1043,"frameCount":1}},"New_Motion/GD_Root002/Lamp_cap_Point001/Bone099":{"quat":{"offset":1047,"frameCount":1},"scale":{"offset":1052,"frameCount":1},"position":{"offset":1056,"frameCount":1}}}],-1],0,0,[],[],[]],[[[15,0,[3,4,7,8,9,5,13]]],0,0,[0],[1],[2]],[[[16,"Genie@Enter",[{"name":"RootNode","path":"","scale":[1,1,1],"children":[1],"position":[0,0,0],"quat":[0,0,0,1]},{"name":"New_Motion","parent":null,"path":"New_Motion","scale":[1,1,1],"children":[2],"position":[0,0,0],"quat":[-0.70710676908493,0,0,0.70710676908493]},{"name":"Giant_Root","parent":null,"path":"New_Motion/Giant_Root","scale":[1,1,1],"children":[3,100],"position":[0,0,1],"quat":[0,0,-0.707106351852417,0.707107245922089]},{"name":"Bip004","parent":null,"path":"New_Motion/Giant_Root/Bip004","scale":[1,1,1],"children":[4],"position":[-4.57763917438569e-7,-1.8932902889901e-7,-0.421603471040726],"quat":[-2.17748573546321e-34,1.73060360344115e-42,-7.94659715808166e-9,1]},{"name":"Bip004 Pelvis","parent":null,"path":"New_Motion/Giant_Root/Bip004/Bip004 Pelvis","scale":[1,1,1],"children":[5,94],"position":[0,0,0],"quat":[-0.5,-0.5,-0.499999314546585,0.500000715255737],"uniqueBindPose":[0.0000013867999086869531,0.0000027577068522077752,1,0,6.123234262925839e-17,-1,0.0000027577068522077752,0,1,-3.8243271396898315e-12,-0.0000013868001360606286,0,-0.016169356182217598,-0.05500427633523941,1.7410933139672125e-7,1]},{"name":"Bip004 Spine","parent":null,"path":"New_Motion/Giant_Root/Bip004/Bip004 Pelvis/Bip004 Spine","scale":[1,1,1],"children":[6],"position":[0.18959578871727,-0.000307579030049965,2.63357947005716e-7],"quat":[-0.00000208047595151584,-6.93675985985465e-7,0.000398158997995779,0.999999940395355],"uniqueBindPose":[1.0916177961561857e-9,-0.0000014026936696609482,1,0,-0.000796317879576236,-0.9999997019767761,-0.0000014026923054188956,0,0.9999995827674866,-0.000796317879576236,-2.208607741138735e-9,0,-0.20580856502056122,-0.05453285202383995,-7.626822196016292e-8,1]},{"name":"Bip004 Spine1","parent":null,"path":"New_Motion/Giant_Root/Bip004/Bip004 Pelvis/Bip004 Spine/Bip004 Spine1","scale":[1,1,1],"children":[7],"position":[0.38630798459053,-0.000296170474030077,-8.21455570232388e-10],"quat":[5.50062264210701e-15,3.56930627276597e-8,-0.0128688560798764,0.999917209148407],"uniqueBindPose":[-3.418974969804367e-8,-0.0000014031195405550534,1,0,0.024939464405179024,-0.9996889233589172,-0.000001401830445502128,0,0.9996889233589172,0.024939468130469322,6.917217376667395e-8,0,-0.5905244946479797,-0.06945714354515076,-1.1764655738488727e-7,1]},{"name":"Bip004 Neck","parent":null,"path":"New_Motion/Giant_Root/Bip004/Bip004 Pelvis/Bip004 Spine/Bip004 Spine1/Bip004 Neck","scale":[1,1,1],"children":[8,38,66],"position":[0.438178539276123,-0.180113270878792,-2.22656012738298e-7],"quat":[-2.64663270854726e-7,-7.43508167033724e-7,0.172347962856293,0.985036134719849],"uniqueBindPose":[8.649652158965182e-7,-0.0000020858453808614286,1,0,-0.3159744441509247,-0.9487677812576294,-0.0000017056757997124805,0,0.9487676620483398,-0.3159744441509247,-0.0000014797250287301722,0,-0.9300180673599243,0.4533659517765045,0.000001750084607010649,1]},{"name":"Bip004 Head","parent":null,"path":"New_Motion/Giant_Root/Bip004/Bip004 Pelvis/Bip004 Spine/Bip004 Spine1/Bip004 Neck/Bip004 Head","scale":[1,1,1],"children":[9,10,14],"position":[0.167955324053764,0.0987790673971176,2.72598104089639e-8],"quat":[2.63752298224063e-7,6.91491834459157e-7,-0.163145244121552,0.986602067947388],"uniqueBindPose":[3.987925367709977e-8,-0.0000014015507758813328,1,0,0.006272037047892809,-0.9999803900718689,-0.000001401773261022754,0,0.9999802708625793,0.006272037513554096,-3.1087893148651347e-8,0,-1.153673529624939,-0.017747245728969574,2.1133976346732197e-8,1]},{"name":"Bip004 HeadNub","parent":null,"path":"New_Motion/Giant_Root/Bip004/Bip004 Pelvis/Bip004 Spine/Bip004 Spine1/Bip004 Neck/Bip004 Head/Bip004 HeadNub","scale":[1,1,1],"position":[0.437924802303314,-2.38418573772492e-9,-5.42101074125849e-22],"quat":[5.11049536022767e-14,-1.81979734761666e-22,-4.33680868994202e-19,1]},{"name":"Bone080","parent":null,"path":"New_Motion/Giant_Root/Bip004/Bip004 Pelvis/Bip004 Spine/Bip004 Spine1/Bip004 Neck/Bip004 Head/Bone080","scale":[1,1,1],"children":[11],"position":[0.473135352134705,-0.0736577585339546,-2.38866363133639e-7],"quat":[-0.606730997562408,0.794907212257385,5.75921035306237e-7,4.3362970814087e-7],"uniqueBindPose":[-4.68453968949234e-8,-1.8718788297178435e-8,-1.0000001192092896,0,0.962916374206543,-0.26979967951774597,-4.0057887673583537e-8,0,-0.26979967951774597,-0.9629164934158325,3.066350373615023e-8,0,0.375148206949234,1.5839500427246094,-4.7223593924172746e-8,1]},{"name":"Bone081","parent":null,"path":"New_Motion/Giant_Root/Bip004/Bip004 Pelvis/Bip004 Spine/Bip004 Spine1/Bip004 Neck/Bip004 Head/Bone080/Bone081","scale":[1,1,1],"children":[12],"position":[0.146703571081161,-3.0517577442879e-7,-1.23887726743988e-8],"quat":[1.86248261258015e-8,3.02291134346433e-8,-0.524553000926971,0.851377785205841],"uniqueBindPose":[6.666563479029719e-8,-5.0259359340998344e-8,-1,0,0.6739932298660278,0.7387369871139526,7.803752311019707e-9,0,0.7387369275093079,-0.6739932894706726,8.312290589174154e-8,0,-1.312031865119934,0.9163271188735962,-1.3352155292523094e-7,1]},{"name":"Bone082","parent":null,"path":"New_Motion/Giant_Root/Bip004/Bip004 Pelvis/Bip004 Spine/Bip004 Spine1/Bip004 Neck/Bip004 Head/Bone080/Bone081/Bone082","scale":[1,1,1],"children":[13],"position":[0.124760590493679,6.86645478253922e-7,3.40776740159754e-9],"quat":[-1.32660282758934e-8,5.38310338527026e-8,0.239279568195343,0.970950722694397],"uniqueBindPose":[1.4656149005531915e-7,-7.5480826922103e-8,-1,0,0.9400736689567566,0.3409687280654907,1.1204222261085306e-7,0,0.34096860885620117,-0.94007408618927,1.2093060774986952e-7,0,-0.8464881181716919,1.4790143966674805,-2.3570012785967265e-7,1]},{"name":"Bone083","parent":null,"path":"New_Motion/Giant_Root/Bip004/Bip004 Pelvis/Bip004 Spine/Bip004 Spine1/Bip004 Neck/Bip004 Head/Bone080/Bone081/Bone082/Bone083","scale":[1,1,1],"position":[0.093398816883564,-7.62939407650265e-7,5.42101074125849e-22],"quat":[-0.00000108727942915721,-5.43831276900164e-7,0.263253390789032,0.964726746082306]},{"name":"Bone090","parent":null,"path":"New_Motion/Giant_Root/Bip004/Bip004 Pelvis/Bip004 Spine/Bip004 Spine1/Bip004 Neck/Bip004 Head/Bone090","scale":[1,1,1],"children":[15,25,35],"position":[0.0271659847348928,-0.0861083567142487,1.5258787300354e-7],"quat":[0.875781178474426,0.482707798480988,0.000349087378708646,0.000631870410870761]},{"name":"connectBone013","parent":null,"path":"New_Motion/Giant_Root/Bip004/Bip004 Pelvis/Bip004 Spine/Bip004 Spine1/Bip004 Neck/Bip004 Head/Bone090/connectBone013","scale":[1,1,1],"children":[16],"position":[0.0899694040417671,3.0517577442879e-7,-0.000237555505009368],"quat":[-0.0714896321296692,0.226809605956078,0.45659413933754,0.857302963733673]},{"name":"Bone084","parent":null,"path":"New_Motion/Giant_Root/Bip004/Bip004 Pelvis/Bip004 Spine/Bip004 Spine1/Bip004 Neck/Bip004 Head/Bone090/connectBone013/Bone084","scale":[1,1,1],"children":[17,18,20,22],"position":[0.0940476953983307,7.72476198562799e-7,7.62939436071974e-8],"quat":[0.08537707477808,-0.202087789773941,-0.48540386557579,0.846318125724792]},{"name":"Bone085","parent":null,"path":"New_Motion/Giant_Root/Bip004/Bip004 Pelvis/Bip004 Spine/Bip004 Spine1/Bip004 Neck/Bip004 Head/Bone090/connectBone013/Bone084/Bone085","scale":[1,1,1],"position":[0.132191002368927,-3.0517577442879e-7,-2.28881830821592e-7],"quat":[-0.676378548145294,0.160559356212616,-0.189394414424896,0.693442463874817]},{"name":"connectBone010","parent":null,"path":"New_Motion/Giant_Root/Bip004/Bip004 Pelvis/Bip004 Spine/Bip004 Spine1/Bip004 Neck/Bip004 Head/Bone090/connectBone013/Bone084/connectBone010","scale":[1,1,1],"children":[19],"position":[0.132190927863121,-1.52587887214395e-7,-2.19345082541622e-7],"quat":[0.000678478099871427,0.098139226436615,-0.53513777256012,0.839044570922852]},{"name":"Bone087","parent":null,"path":"New_Motion/Giant_Root/Bip004/Bip004 Pelvis/Bip004 Spine/Bip004 Spine1/Bip004 Neck/Bip004 Head/Bone090/connectBone013/Bone084/connectBone010/Bone087","scale":[1,1,1],"position":[0.0351448059082031,-4.57763661643185e-7,3.31401821540567e-7],"quat":[-0.000145654441439547,-0.000736948975827545,-0.00000281935263046762,0.999999701976776],"uniqueBindPose":[0.1704138219356537,0.150582417845726,-0.9737987518310547,0,-0.7833348512649536,-0.578829824924469,-0.22658951580524445,0,-0.5977842807769775,0.8014243841171265,0.019315868616104126,0,0.6882318258285522,-1.1771869659423828,-0.005006954073905945,1]},{"name":"connectBone011","parent":null,"path":"New_Motion/Giant_Root/Bip004/Bip004 Pelvis/Bip004 Spine/Bip004 Spine1/Bip004 Neck/Bip004 Head/Bone090/connectBone013/Bone084/connectBone011","scale":[1,1,1],"children":[21],"position":[0.132190927863121,-1.52587887214395e-7,-2.19345082541622e-7],"quat":[0.106100372970104,0.0668155401945114,0.00750540383160114,0.992079675197601]},{"name":"Bone088","parent":null,"path":"New_Motion/Giant_Root/Bip004/Bip004 Pelvis/Bip004 Spine/Bip004 Spine1/Bip004 Neck/Bip004 Head/Bone090/connectBone013/Bone084/connectBone011/Bone088","scale":[1,1,1],"position":[0.0365474708378315,2.84217087951293e-16,8.20159868908377e-7],"quat":[-2.6448890366737e-7,-0.0000016726562535041,0.00000397860912926262,1],"uniqueBindPose":[0.17627528309822083,-0.19833335280418396,-0.964152991771698,0,-0.8504287600517273,0.4625510275363922,-0.2506334185600281,0,0.49567878246307373,0.8641241192817688,-0.08713208884000778,0,-0.8257812857627869,-1.1256519556045532,0.13814757764339447,1]},{"name":"connectBone012","parent":null,"path":"New_Motion/Giant_Root/Bip004/Bip004 Pelvis/Bip004 Spine/Bip004 Spine1/Bip004 Neck/Bip004 Head/Bone090/connectBone013/Bone084/connectBone012","scale":[1,1,1],"children":[23],"position":[0.132191002368927,-1.52587887214395e-7,-2.28881830821592e-7],"quat":[-0.0193901937454939,-0.0424040257930756,0.478591531515121,0.876798748970032]},{"name":"Bone089","parent":null,"path":"New_Motion/Giant_Root/Bip004/Bip004 Pelvis/Bip004 Spine/Bip004 Spine1/Bip004 Neck/Bip004 Head/Bone090/connectBone013/Bone084/connectBone012/Bone089","scale":[1,1,1],"children":[24],"position":[0.0504072569310665,7.15255694672123e-8,1.90734859017994e-8],"quat":[0.0340500734746456,0.0647835284471512,-0.658822953701019,0.748729586601257]},{"name":"Bone086","parent":null,"path":"New_Motion/Giant_Root/Bip004/Bip004 Pelvis/Bip004 Spine/Bip004 Spine1/Bip004 Neck/Bip004 Head/Bone090/connectBone013/Bone084/connectBone012/Bone089/Bone086","scale":[1,1.00000095367432,1],"position":[0.0486584827303886,3.0517577442879e-7,0.00000179767607733083],"quat":[0.0103592509403825,0.00329618784599006,-0.00224548042751849,0.999938368797302],"uniqueBindPose":[0.10291577130556107,-0.00008754021109780297,-0.9946900606155396,0,-0.9933731555938721,0.05143234506249428,-0.10278403759002686,0,0.05116827413439751,0.9986758828163147,0.005206242203712463,0,-0.24522177875041962,-1.418406367301941,0.02777494117617607,1]},{"name":"connectBone004(mirrored)001","parent":null,"path":"New_Motion/Giant_Root/Bip004/Bip004 Pelvis/Bip004 Spine/Bip004 Spine1/Bip004 Neck/Bip004 Head/Bone090/connectBone004(mirrored)001","scale":[1,1,1],"children":[26],"position":[0.0899697840213776,-1.52587887214395e-7,-2.77555749952435e-19],"quat":[0.856991469860077,0.456095278263092,0.228419482707977,-0.0732615515589714]},{"name":"Bone035(mirrored)001","parent":null,"path":"New_Motion/Giant_Root/Bip004/Bip004 Pelvis/Bip004 Spine/Bip004 Spine1/Bip004 Neck/Bip004 Head/Bone090/connectBone004(mirrored)001/Bone035(mirrored)001","scale":[1,1,1],"children":[27,28,30,32],"position":[0.0941560342907906,-8.10623134839261e-7,7.62939436071974e-8],"quat":[-0.0859420746564865,-0.203023299574852,0.485220283269882,0.846142292022705]},{"name":"Bone036(mirrored)001","parent":null,"path":"New_Motion/Giant_Root/Bip004/Bip004 Pelvis/Bip004 Spine/Bip004 Spine1/Bip004 Neck/Bip004 Head/Bone090/connectBone004(mirrored)001/Bone035(mirrored)001/Bone036(mirrored)001","scale":[1,1,1],"position":[0.132191076874733,4.57763661643185e-7,-3.81469703825132e-7],"quat":[0.676377058029175,0.16056002676487,0.189395099878311,0.693443596363068]},{"name":"connectBone001(mirrored)001","parent":null,"path":"New_Motion/Giant_Root/Bip004/Bip004 Pelvis/Bip004 Spine/Bip004 Spine1/Bip004 Neck/Bip004 Head/Bone090/connectBone004(mirrored)001/Bone035(mirrored)001/connectBone001(mirrored)001","scale":[1,1,1],"children":[29],"position":[0.132191315293312,3.0517577442879e-7,-3.95774833350515e-7],"quat":[-0.000681813166011125,0.0981383100152016,0.535138368606567,0.839044272899628]},{"name":"Bone039(mirrored)001","parent":null,"path":"New_Motion/Giant_Root/Bip004/Bip004 Pelvis/Bip004 Spine/Bip004 Spine1/Bip004 Neck/Bip004 Head/Bone090/connectBone004(mirrored)001/Bone035(mirrored)001/connectBone001(mirrored)001/Bone039(mirrored)001","scale":[1,1,1],"position":[0.0351441949605942,3.0517577442879e-7,3.09944141463347e-7],"quat":[0.000140787218697369,-0.000737434893380851,-0.00000424731797465938,0.999999701976776],"uniqueBindPose":[-0.17041908204555511,0.15056687593460083,0.9738003611564636,0,-0.7833408117294312,0.5788236260414124,-0.226584330201149,0,-0.597774863243103,-0.8014314770698547,0.019302591681480408,0,0.6882177591323853,1.1771950721740723,-0.0049875350669026375,1]},{"name":"connectBone002(mirrored)001","parent":null,"path":"New_Motion/Giant_Root/Bip004/Bip004 Pelvis/Bip004 Spine/Bip004 Spine1/Bip004 Neck/Bip004 Head/Bone090/connectBone004(mirrored)001/Bone035(mirrored)001/connectBone002(mirrored)001","scale":[1,1,1],"children":[31],"position":[0.132190927863121,3.0517577442879e-7,-3.62396235686901e-7],"quat":[-0.106102108955383,0.0668060034513474,-0.00751177500933409,0.992080092430115]},{"name":"Bone040(mirrored)001","parent":null,"path":"New_Motion/Giant_Root/Bip004/Bip004 Pelvis/Bip004 Spine/Bip004 Spine1/Bip004 Neck/Bip004 Head/Bone090/connectBone004(mirrored)001/Bone035(mirrored)001/connectBone002(mirrored)001/Bone040(mirrored)001","scale":[1,1,1],"position":[0.0365474708378315,3.0517577442879e-7,0.00000106811523892247],"quat":[-0.00000724941401131218,0.0000029616096526297,-5.21519154972339e-7,1],"uniqueBindPose":[-0.17626912891864777,-0.19835242629051208,0.9641503691673279,0,-0.850427508354187,-0.4625518023967743,-0.2506376802921295,0,0.4956839978694916,-0.8641194701194763,-0.08715075999498367,0,-0.8257880806922913,1.1256439685821533,0.13817273080348969,1]},{"name":"connectBone003(mirrored)001","parent":null,"path":"New_Motion/Giant_Root/Bip004/Bip004 Pelvis/Bip004 Spine/Bip004 Spine1/Bip004 Neck/Bip004 Head/Bone090/connectBone004(mirrored)001/Bone035(mirrored)001/connectBone003(mirrored)001","scale":[1,1,1],"children":[33],"position":[0.1321911662817,4.57763661643185e-7,-3.91006466315957e-7],"quat":[0.0193866398185492,-0.0424118340015411,-0.478591859340668,0.876798272132874]},{"name":"Bone041(mirrored)001","parent":null,"path":"New_Motion/Giant_Root/Bip004/Bip004 Pelvis/Bip004 Spine/Bip004 Spine1/Bip004 Neck/Bip004 Head/Bone090/connectBone004(mirrored)001/Bone035(mirrored)001/connectBone003(mirrored)001/Bone041(mirrored)001","scale":[1,1,1],"children":[34],"position":[0.0504072569310665,-6.19888282926695e-8,9.53674295089968e-9],"quat":[-0.0340824015438557,0.0647531971335411,0.658370614051819,0.749128520488739]},{"name":"Bone037(mirrored)001","parent":null,"path":"New_Motion/Giant_Root/Bip004/Bip004 Pelvis/Bip004 Spine/Bip004 Spine1/Bip004 Neck/Bip004 Head/Bone090/connectBone004(mirrored)001/Bone035(mirrored)001/connectBone003(mirrored)001/Bone041(mirrored)001/Bone037(mirrored)001","scale":[1,1,1],"position":[0.048658199608326,-1.52587887214395e-7,0.00000213623047784495],"quat":[-0.0103567745536566,0.00327031337656081,0.00289978715591133,0.999936819076538],"uniqueBindPose":[-0.10285250097513199,-0.00008794796303845942,0.9946971535682678,0,-0.9933848977088928,-0.05133521929383278,-0.10272141546010971,0,0.05107200890779495,-0.9986816048622131,0.00519259087741375,0,-0.24508258700370789,1.4184887409210205,0.02780536189675331,1]},{"name":"connectBone015","parent":null,"path":"New_Motion/Giant_Root/Bip004/Bip004 Pelvis/Bip004 Spine/Bip004 Spine1/Bip004 Neck/Bip004 Head/Bone090/connectBone015","scale":[1,1,1],"children":[36],"position":[0.0899697840213776,-1.52587887214395e-7,-2.77555749952435e-19],"quat":[0.00209674332290888,0.00383210275322199,-0.371528416872025,0.928411304950714]},{"name":"Bone091","parent":null,"path":"New_Motion/Giant_Root/Bip004/Bip004 Pelvis/Bip004 Spine/Bip004 Spine1/Bip004 Neck/Bip004 Head/Bone090/connectBone015/Bone091","scale":[1,1,1],"children":[37],"position":[0.0351303853094578,2.84217087951293e-16,0],"quat":[0.000107373736682348,-0.00438097724691033,-0.0613272599875927,0.998108088970184],"uniqueBindPose":[-0.0011128128971904516,0.00018831284251064062,-0.9999995827674866,0,-0.9509592056274414,-0.3093148469924927,0.0009999923640862107,0,-0.309314489364624,0.9509596824645996,0.0005232874536886811,0,0.3452537953853607,-1.1729410886764526,-0.00033530755899846554,1]},{"name":"Bone092","parent":null,"path":"New_Motion/Giant_Root/Bip004/Bip004 Pelvis/Bip004 Spine/Bip004 Spine1/Bip004 Neck/Bip004 Head/Bone090/connectBone015/Bone091/Bone092","scale":[1,1,1],"position":[0.161019891500473,-1.52587887214395e-7,-0.0000556785598746501],"quat":[-0.000119650248961989,-0.00010242792632198,0.028765918686986,0.999586164951324],"uniqueBindPose":[-0.0012980287428945303,0.0004970910376869142,-0.9999992847442627,0,-0.9671732783317566,-0.25411540269851685,0.0011291016126051545,0,-0.2541145980358124,0.9671738147735596,0.0008106224122457206,0,0.11647538095712662,-1.181594729423523,-0.0005920648691244423,1]},{"name":"Bip004 L Clavicle","parent":null,"path":"New_Motion/Giant_Root/Bip004/Bip004 Pelvis/Bip004 Spine/Bip004 Spine1/Bip004 Neck/Bip004 L Clavicle","scale":[1,1,1],"children":[39,64],"position":[-0.0702899172902107,0.0333865359425545,0.132523208856583],"quat":[0.658310413360596,-0.115453317761421,0.732658326625824,0.128490015864372],"uniqueBindPose":[0.9943023324012756,-0.0000013754662404608098,0.10659730434417725,0,-0.0027419712860137224,0.9996687769889832,0.025589043274521828,0,-0.106562040746212,-0.025735534727573395,0.993972897529602,0,-0.0303585696965456,-0.10236116498708725,-0.9600405693054199,1]},{"name":"Bip004 L UpperArm","parent":null,"path":"New_Motion/Giant_Root/Bip004/Bip004 Pelvis/Bip004 Spine/Bip004 Spine1/Bip004 Neck/Bip004 L Clavicle/Bip004 L UpperArm","scale":[1,1,1],"children":[40,42],"position":[0.390413731336594,1.90734859017994e-8,-3.0517577442879e-7],"quat":[0.126820161938667,0.496951222419739,0.171279013156891,0.841201305389404]},{"name":"Bip004 L ForeTwist","parent":null,"path":"New_Motion/Giant_Root/Bip004/Bip004 Pelvis/Bip004 Spine/Bip004 Spine1/Bip004 Neck/Bip004 L Clavicle/Bip004 L UpperArm/Bip004 L ForeTwist","scale":[1,1,1],"children":[41],"position":[0.50463330745697,0,1.52587887214395e-7],"quat":[-0.000922722509130836,0.000501916103530675,-0.477833837270737,0.878449618816376],"uniqueBindPose":[0.9518792033195496,0.2375289648771286,0.19366492331027985,0,-0.25754252076148987,0.9624898433685303,0.08535438030958176,0,-0.16612638533115387,-0.13112403452396393,0.9773476123809814,0,-0.789885401725769,-0.2897673547267914,-0.9981616735458374,1]},{"name":"Bip004 L ForeTwist1","parent":null,"path":"New_Motion/Giant_Root/Bip004/Bip004 Pelvis/Bip004 Spine/Bip004 Spine1/Bip004 Neck/Bip004 L Clavicle/Bip004 L UpperArm/Bip004 L ForeTwist/Bip004 L ForeTwist1","scale":[1,1,1],"position":[0.27126070857048,-7.62939436071974e-8,-7.62939436071974e-8],"quat":[-0.00105040578637272,1.49011532002419e-8,1.56522381861146e-11,0.999999463558197],"uniqueBindPose":[0.9518792033195496,0.2371215969324112,0.194163516163826,0,-0.25754252076148987,0.9623083472251892,0.08737622201442719,0,-0.16612638533115387,-0.13317696750164032,0.9770699739456177,0,-1.06114661693573,-0.2876698672771454,-0.9987684488296509,1]},{"name":"Bip004 L Forearm","parent":null,"path":"New_Motion/Giant_Root/Bip004/Bip004 Pelvis/Bip004 Spine/Bip004 Spine1/Bip004 Neck/Bip004 L Clavicle/Bip004 L UpperArm/Bip004 L Forearm","scale":[1,1,1],"children":[43],"position":[0.50463330745697,0,1.52587887214395e-7],"quat":[-3.67903400509536e-17,-3.13314674775283e-17,-0.477834105491638,0.878450095653534]},{"name":"Bip004 L Hand","parent":null,"path":"New_Motion/Giant_Root/Bip004/Bip004 Pelvis/Bip004 Spine/Bip004 Spine1/Bip004 Neck/Bip004 L Clavicle/Bip004 L UpperArm/Bip004 L Forearm/Bip004 L Hand","scale":[1,1,1],"children":[44,48,52,56,60],"position":[0.542521715164185,-9.53674259562831e-8,0],"quat":[-0.701226651668549,0.10690189152956,0.14277683198452,0.69026654958725],"uniqueBindPose":[0.8353542685508728,-0.5171939730644226,0.1862623542547226,0,-0.22471873462200165,-0.012055879458785057,0.9743492007255554,0,-0.5016818642616272,-0.8557832837104797,-0.1262941062450409,0,-0.914434552192688,1.4046990871429443,-0.2150152325630188,1]},{"name":"Bip004 L Finger0","parent":null,"path":"New_Motion/Giant_Root/Bip004/Bip004 Pelvis/Bip004 Spine/Bip004 Spine1/Bip004 Neck/Bip004 L Clavicle/Bip004 L UpperArm/Bip004 L Forearm/Bip004 L Hand/Bip004 L Finger0","scale":[1,1,1],"children":[45],"position":[0.07205630838871,0.0579615756869316,-0.0899063944816589],"quat":[0.608080804347992,0.424626767635345,-0.00714839808642864,0.670729994773865],"uniqueBindPose":[0.1641818732023239,0.4555424153804779,0.8749430179595947,0,-0.7132479548454285,0.6675353646278381,-0.2137146145105362,0,-0.6814113259315491,-0.588963508605957,0.43451178073883057,0,0.12426713854074478,-0.2695367932319641,-1.6475508213043213,1]},{"name":"Bip004 L Finger01","parent":null,"path":"New_Motion/Giant_Root/Bip004/Bip004 Pelvis/Bip004 Spine/Bip004 Spine1/Bip004 Neck/Bip004 L Clavicle/Bip004 L UpperArm/Bip004 L Forearm/Bip004 L Hand/Bip004 L Finger0/Bip004 L Finger01","scale":[1,1,1],"children":[46],"position":[0.0775027424097061,-3.81469718035987e-8,-3.81469718035987e-8],"quat":[-1.77011752477974e-10,-1.49001078142419e-8,-0.0118790594860911,0.999929428100586],"uniqueBindPose":[0.15331344306468964,0.4593142569065094,0.8749430179595947,0,-0.7289049625396729,0.6504027247428894,-0.2137146294116974,0,-0.6672273874282837,-0.604985237121582,0.43451178073883057,0,0.053154461085796356,-0.268349826335907,-1.6475509405136108,1]},{"name":"Bip004 L Finger02","parent":null,"path":"New_Motion/Giant_Root/Bip004/Bip004 Pelvis/Bip004 Spine/Bip004 Spine1/Bip004 Neck/Bip004 L Clavicle/Bip004 L UpperArm/Bip004 L Forearm/Bip004 L Hand/Bip004 L Finger0/Bip004 L Finger01/Bip004 L Finger02","scale":[1,1,1],"children":[47],"position":[0.0786314383149147,1.14440915410796e-7,7.62939436071974e-8],"quat":[-2.87324652958887e-8,-1.08689883759894e-8,0.116402201354504,0.993202149868011],"uniqueBindPose":[0.255362331867218,0.4114178717136383,0.8749430179595947,0,-0.558765172958374,0.8013162612915039,-0.21371455490589142,0,-0.789031982421875,-0.43431323766708374,0.43451187014579773,0,-0.08683498203754425,-0.25518709421157837,-1.64755117893219,1]},{"name":"Bip004 L Finger0Nub","parent":null,"path":"New_Motion/Giant_Root/Bip004/Bip004 Pelvis/Bip004 Spine/Bip004 Spine1/Bip004 Neck/Bip004 L Clavicle/Bip004 L UpperArm/Bip004 L Forearm/Bip004 L Hand/Bip004 L Finger0/Bip004 L Finger01/Bip004 L Finger02/Bip004 L Finger0Nub","scale":[1,1,1],"position":[0.0735786408185959,-3.81469718035987e-8,-7.10542719878232e-17],"quat":[-1.49011594174908e-8,-7.45057970874541e-9,-5.55111247614782e-17,1]},{"name":"Bip004 L Finger1","parent":null,"path":"New_Motion/Giant_Root/Bip004/Bip004 Pelvis/Bip004 Spine/Bip004 Spine1/Bip004 Neck/Bip004 L Clavicle/Bip004 L UpperArm/Bip004 L Forearm/Bip004 L Hand/Bip004 L Finger1","scale":[1,1,1],"children":[49],"position":[0.239899024367332,0.000729751598555595,-0.098110593855381],"quat":[0.0617569237947464,-0.0106279058381915,-0.0184592418372631,0.99786388874054],"uniqueBindPose":[0.857854425907135,-0.4601888954639435,0.2287178337574005,0,-0.20560993254184723,0.10053154826164246,0.9734567999839783,0,-0.4709673225879669,-0.8821108937263489,-0.008377972058951855,0,-1.2090636491775513,1.3368388414382935,-0.26135894656181335,1]},{"name":"Bip004 L Finger11","parent":null,"path":"New_Motion/Giant_Root/Bip004/Bip004 Pelvis/Bip004 Spine/Bip004 Spine1/Bip004 Neck/Bip004 L Clavicle/Bip004 L UpperArm/Bip004 L Forearm/Bip004 L Hand/Bip004 L Finger1/Bip004 L Finger11","scale":[1,1,1],"children":[50],"position":[0.0992860794067383,0,-9.53674295089968e-9],"quat":[1.30653363683564e-8,1.65343934099837e-8,0.116402216255665,0.993202149868011],"uniqueBindPose":[0.7282018065452576,-0.6460729837417603,0.2287178337574005,0,-0.17679302394390106,0.14534874260425568,0.9734567999839783,0,-0.6621679067611694,-0.7493085861206055,-0.008377972058951855,0,-0.9637888073921204,1.6031310558319092,-0.26135900616645813,1]},{"name":"Bip004 L Finger12","parent":null,"path":"New_Motion/Giant_Root/Bip004/Bip004 Pelvis/Bip004 Spine/Bip004 Spine1/Bip004 Neck/Bip004 L Clavicle/Bip004 L UpperArm/Bip004 L Forearm/Bip004 L Hand/Bip004 L Finger1/Bip004 L Finger11/Bip004 L Finger12","scale":[1,1,1],"children":[51],"position":[0.0539780780673027,1.42108543975646e-16,1.90734859017994e-8],"quat":[6.90243329160012e-9,1.51628540834281e-8,0.0364532247185707,0.99933534860611],"uniqueBindPose":[0.6791948676109314,-0.6974112391471863,0.2287178337574005,0,-0.16573333740234375,0.15784324705600739,0.9734567999839783,0,-0.715001106262207,-0.6990730166435242,-0.008377972058951855,0,-0.898260772228241,1.673022747039795,-0.26135894656181335,1]},{"name":"Bip004 L Finger1Nub","parent":null,"path":"New_Motion/Giant_Root/Bip004/Bip004 Pelvis/Bip004 Spine/Bip004 Spine1/Bip004 Neck/Bip004 L Clavicle/Bip004 L UpperArm/Bip004 L Forearm/Bip004 L Hand/Bip004 L Finger1/Bip004 L Finger11/Bip004 L Finger12/Bip004 L Finger1Nub","scale":[1,1,1],"position":[0.068105012178421,1.42108543975646e-16,-2.8610228852699e-8],"quat":[7.45058059692383e-9,-5.55111512312578e-17,-7.45058059692383e-9,1]},{"name":"Bip004 L Finger2","parent":null,"path":"New_Motion/Giant_Root/Bip004/Bip004 Pelvis/Bip004 Spine/Bip004 Spine1/Bip004 Neck/Bip004 L Clavicle/Bip004 L UpperArm/Bip004 L Forearm/Bip004 L Hand/Bip004 L Finger2","scale":[1,1,1],"children":[53],"position":[0.241523891687393,-0.0123571008443832,-0.0208810232579708],"quat":[-0.010388545691967,0.0166864935308695,0.0921256020665169,0.995553374290466],"uniqueBindPose":[0.7194739580154419,-0.6651036739349365,0.19998563826084137,0,-0.2572237551212311,0.01229136437177658,0.9662736058235168,0,-0.6451302170753479,-0.7466499209403992,-0.16223716735839844,0,-0.869429349899292,1.6085560321807861,-0.19650964438915253,1]},{"name":"Bip004 L Finger21","parent":null,"path":"New_Motion/Giant_Root/Bip004/Bip004 Pelvis/Bip004 Spine/Bip004 Spine1/Bip004 Neck/Bip004 L Clavicle/Bip004 L UpperArm/Bip004 L Forearm/Bip004 L Hand/Bip004 L Finger2/Bip004 L Finger21","scale":[1,1,1],"children":[54],"position":[0.093143954873085,1.42108543975646e-16,1.90734859017994e-8],"quat":[-0.00410614069551229,0.0184593740850687,0.284977644681931,0.958347618579865],"uniqueBindPose":[0.23139077425003052,-0.9496188163757324,0.21138226985931396,0,-0.245006263256073,0.15339432656764984,0.9573097229003906,0,-0.941504180431366,-0.27330267429351807,-0.1971685141324997,0,0.0802147164940834,1.8726296424865723,-0.19858942925930023,1]},{"name":"Bip004 L Finger22","parent":null,"path":"New_Motion/Giant_Root/Bip004/Bip004 Pelvis/Bip004 Spine/Bip004 Spine1/Bip004 Neck/Bip004 L Clavicle/Bip004 L UpperArm/Bip004 L Forearm/Bip004 L Hand/Bip004 L Finger2/Bip004 L Finger21/Bip004 L Finger22","scale":[1,1,1],"children":[55],"position":[0.0656316354870796,7.62939436071974e-8,-1.90734859017994e-8],"quat":[2.96921545128725e-8,2.56013921173803e-9,0.0859040170907974,0.99630343914032],"uniqueBindPose":[0.06542667001485825,-0.9752112627029419,0.21138212084770203,0,-0.21513326466083527,0.1930686980485916,0.9573097825050354,0,-0.9743906259536743,-0.10810891538858414,-0.1971684992313385,0,0.3349112570285797,1.8424955606460571,-0.1985892653465271,1]},{"name":"Bip004 L Finger2Nub","parent":null,"path":"New_Motion/Giant_Root/Bip004/Bip004 Pelvis/Bip004 Spine/Bip004 Spine1/Bip004 Neck/Bip004 L Clavicle/Bip004 L UpperArm/Bip004 L Forearm/Bip004 L Hand/Bip004 L Finger2/Bip004 L Finger21/Bip004 L Finger22/Bip004 L Finger2Nub","scale":[1,1,1],"position":[0.0736961364746094,-3.81469718035987e-8,-1.90734859017994e-8],"quat":[4.44089103970944e-16,1.49011594174908e-8,-2.98023188349816e-8,1]},{"name":"Bip004 L Finger3","parent":null,"path":"New_Motion/Giant_Root/Bip004/Bip004 Pelvis/Bip004 Spine/Bip004 Spine1/Bip004 Neck/Bip004 L Clavicle/Bip004 L UpperArm/Bip004 L Forearm/Bip004 L Hand/Bip004 L Finger3","scale":[1,1,1],"children":[57],"position":[0.232038259506226,-0.0107389828190207,0.0447990596294403],"quat":[-0.127782911062241,-0.0335934683680534,0.167158022522926,0.977036952972412],"uniqueBindPose":[0.617680013179779,-0.7856900095939636,-0.03409664332866669,0,-0.1933586150407791,-0.19375091791152954,0.961807370185852,0,-0.762288510799408,-0.5874962210655212,-0.2715960443019867,0,-0.6112823486328125,1.7225472927093506,0.21102792024612427,1]},{"name":"Bip004 L Finger31","parent":null,"path":"New_Motion/Giant_Root/Bip004/Bip004 Pelvis/Bip004 Spine/Bip004 Spine1/Bip004 Neck/Bip004 L Clavicle/Bip004 L UpperArm/Bip004 L Forearm/Bip004 L Hand/Bip004 L Finger3/Bip004 L Finger31","scale":[1,1,1],"children":[58],"position":[0.0940725281834602,0,3.55271359939116e-17],"quat":[0.0135888056829572,-0.00228493823669851,0.241868764162064,0.970211148262024],"uniqueBindPose":[0.17633208632469177,-0.9842673540115356,-0.011176497675478458,0,-0.25106722116470337,-0.05595191940665245,0.9663513898849487,0,-0.9517730474472046,-0.16759268939495087,-0.2569834589958191,0,0.18783389031887054,1.8567888736724854,0.16211433708667755,1]},{"name":"Bip004 L Finger32","parent":null,"path":"New_Motion/Giant_Root/Bip004/Bip004 Pelvis/Bip004 Spine/Bip004 Spine1/Bip004 Neck/Bip004 L Clavicle/Bip004 L UpperArm/Bip004 L Forearm/Bip004 L Hand/Bip004 L Finger3/Bip004 L Finger31/Bip004 L Finger32","scale":[1,1,1],"children":[59],"position":[0.0607941411435604,0,0],"quat":[-2.92482855712706e-8,-2.30719816585179e-8,0.0243904404342175,0.999702513217926],"uniqueBindPose":[0.12812311947345734,-0.9916952848434448,-0.011176607571542263,0,-0.25349706411361694,-0.04364180564880371,0.9663513898849487,0,-0.9588136076927185,-0.1209787130355835,-0.2569834589958191,0,0.21743744611740112,1.8483844995498657,0.16211451590061188,1]},{"name":"Bip004 L Finger3Nub","parent":null,"path":"New_Motion/Giant_Root/Bip004/Bip004 Pelvis/Bip004 Spine/Bip004 Spine1/Bip004 Neck/Bip004 L Clavicle/Bip004 L UpperArm/Bip004 L Forearm/Bip004 L Hand/Bip004 L Finger3/Bip004 L Finger31/Bip004 L Finger32/Bip004 L Finger3Nub","scale":[1,1,1],"position":[0.0524737536907196,-7.10542719878232e-17,0],"quat":[1.38777878078145e-16,7.45058059692383e-9,-1.49011611938477e-8,1]},{"name":"Bip004 L Finger4","parent":null,"path":"New_Motion/Giant_Root/Bip004/Bip004 Pelvis/Bip004 Spine/Bip004 Spine1/Bip004 Neck/Bip004 L Clavicle/Bip004 L UpperArm/Bip004 L Forearm/Bip004 L Hand/Bip004 L Finger4","scale":[1,1,1],"children":[61],"position":[0.207350268959999,0.0231165308505297,0.0904002711176872],"quat":[-0.167189285159111,-0.105852253735065,0.152041435241699,0.968362748622894],"uniqueBindPose":[0.6361287236213684,-0.7470894455909729,-0.19286669790744781,0,-0.06305734068155289,-0.29946330189704895,0.9520218968391418,0,-0.769001841545105,-0.5934467911720276,-0.23760674893856049,0,-0.636142373085022,1.6398133039474487,0.40839308500289917,1]},{"name":"Bip004 L Finger41","parent":null,"path":"New_Motion/Giant_Root/Bip004/Bip004 Pelvis/Bip004 Spine/Bip004 Spine1/Bip004 Neck/Bip004 L Clavicle/Bip004 L UpperArm/Bip004 L Forearm/Bip004 L Hand/Bip004 L Finger4/Bip004 L Finger41","scale":[1,1,1],"children":[62],"position":[0.0662361159920692,-1.42108543975646e-16,9.53674295089968e-9],"quat":[0.0116607313975692,0.0536097921431065,0.192778393626213,0.979707360267639],"uniqueBindPose":[0.3214489221572876,-0.9