[1,["3787N7++FH1ZgxRaZmexnA","b6UdlF+5xFMr3PaQOdobOl","6dkeWRTOBGXICfYQ7JUBnG"],["_model","diffuseTexture","_effectAsset"],[["cc.BufferRange",["length","offset"],1],["cc.Mesh",["_native","_vertexBundles","_primitives","_minPos","_maxPos"],2,9,9,5,5],["cc.mesh.VertexBundle",["verticesCount","data","formats"],2,4,9],["cc.mesh.VertexFormat",["name","type","num"],0],["cc.mesh.Primitive",["vertexBundleIndices","data"],2,4],["cc.Model",["_name","_nodes"],1],["cc.Skeleton",["_skinIndex","_jointIndices"],1],["cc.Material",["_techniqueData"],3,11]],[[3,0,1,2,4],[1,0,1,2,3,4,2],[2,0,1,2,2],[0,0,2],[0,1,0,3],[4,0,1,2],[5,0,1,3],[6,0,1,3],[7,0,1]],[[[[1,".bin",[[2,14521,[3,1161680],[[0,"a_color0",5126,4],[0,"a_joints",5123,4],[0,"a_normal",5126,3],[0,"a_position",5126,3],[0,"a_uv0",5126,2],[0,"a_uv1",5126,2],[0,"a_weights",5126,4]]]],[[5,[0],[4,1161680,103176]]],[1,-0.797648251056671,-0.413520067930222,0.0150104518979788],[1,0.797648251056671,0.95428055524826,1.93092739582062]],-1],0,0,[],[],[]],[[[6,"partrick@walk",[{"name":"RootNode","path":"","scale":[1,1,1],"children":[1,2,3,4,5,7,108,109],"position":[0,0,0],"quat":[0,0,0,1]},{"name":"patrick","mesh":0,"skin":0,"parent":null,"path":"patrick","scale":[1,1,1],"position":[0,0,0],"quat":[-0.70710676908493,0,0,0.70710676908493]},{"name":"Particle View 001","parent":null,"path":"Particle View 001","scale":[1,1,1],"position":[0,0,0],"quat":[-0.70710676908493,0,0,0.70710676908493]},{"name":"Age Test 003","parent":null,"path":"Age Test 003","scale":[1,1,1],"position":[0,0,0],"quat":[-0.70710676908493,0,0,0.70710676908493]},{"name":"PF Arrow004","parent":null,"path":"PF Arrow004","scale":[1,1,1],"position":[0,0,0],"quat":[-0.70710676908493,0,0,0.70710676908493]},{"name":"Dummy_bag","parent":null,"path":"Dummy_bag","scale":[1,1,1],"children":[6],"position":[0.0179314538836479,0.385512411594391,-0.57001793384552],"quat":[0.49521392583847,0.443798094987869,0.582662284374237,-0.467237710952759],"uniqueBindPose":[-0.07290437072515488,0.9840335845947266,0.16236652433872223,0,-0.9918033480644226,-0.05440370365977287,-0.11561323702335358,0,-0.1049339771270752,-0.1694643497467041,0.9799339771270752,0,0.6049095988273621,0.06471004337072372,-0.23100635409355164,1]},{"name":"Dummy_rope","parent":null,"path":"Dummy_bag/Dummy_rope","scale":[0.0000999999974737875,0.0000999999974737875,0.0000999999974737875],"position":[0.000561332679353654,-0.0173792261630297,0.224855586886406],"quat":[-9.09494879408612e-9,8.470329472543e-18,7.70372101014411e-26,1],"uniqueBindPose":[-0.07290437817573547,0.9840335845947266,0.16236649453639984,0,-0.9918033480644226,-0.05440370738506317,-0.11561323702335358,0,-0.1049339771270752,-0.1694643497467041,0.9799339771270752,0,0.604348361492157,0.08208928257226944,-0.4558619260787964,1]},{"name":"Point011","parent":null,"path":"Point011","scale":[1,1,1],"children":[8],"position":[-3.81469718035987e-8,-3.81469718035987e-8,7.62939436071974e-8],"quat":[-0.707106828689575,4.58346875120696e-7,3.68785109117198e-8,0.707106709480286]},{"name":"Bip001","parent":null,"path":"Point011/Bip001","scale":[1,1,1],"children":[9],"position":[4.36482537224947e-7,-0.00674638152122498,0.533474743366241],"quat":[3.89858143989841e-7,-2.21271335476558e-7,-0.707106232643127,0.707107305526733],"uniqueBindPose":[0.0000020528211734927027,1,-2.384187780535285e-7,0,-1,0.0000020528211734927027,-4.893698293817472e-13,0,6.123234262925839e-17,2.384187780535285e-7,1,0,9.536289979905632e-9,-3.2788960879770457e-7,-0.44877487421035767,1]},{"name":"Bip001 Pelvis","parent":null,"path":"Point011/Bip001/Bip001 Pelvis","scale":[1,1,1],"children":[10],"position":[0,0,0],"quat":[-0.5,-0.5,-0.499999314546585,0.500000715255737],"uniqueBindPose":[7.714198773101089e-7,0.000003279248403487145,1,0,6.123234262925839e-17,-1,0.000003279248403487145,0,1,-2.5296158397136725e-12,-7.714199341535277e-7,0,-0.44877487421035767,9.537154177508e-9,1.25300601894196e-7,1]},{"name":"Bip001 Spine","parent":null,"path":"Point011/Bip001/Bip001 Pelvis/Bip001 Spine","scale":[1,1,1],"children":[11,90,95,100,104,106],"position":[0.113778568804264,0.00684535410255194,-0.00000618955345998984],"quat":[0.0300221554934978,-0.0190249998122454,-0.0680295005440712,0.997049987316132],"uniqueBindPose":[3.2430847340947366e-7,-0.000010691077477531508,1,0,0.08636254817247391,-0.9962638020515442,-0.00001067914126906544,0,0.9962636828422546,0.0863625630736351,6.002119903314451e-7,0,-0.5598652362823486,-0.05540298670530319,-7.073557526382501e-7,1]},{"name":"Bip001 Spine1","parent":null,"path":"Point011/Bip001/Bip001 Pelvis/Bip001 Spine/Bip001 Spine1","scale":[1,1,1],"children":[12],"position":[0.127218544483185,-0.000185956945642829,-0.0000112080570033868],"quat":[0.0301265046000481,0.00649430975317955,-0.00251479609869421,0.999521851539612],"uniqueBindPose":[6.274547104112571e-7,0.0010846707737073302,0.999999463558197,0,-0.0007961837691254914,-0.9999990463256836,0.0010846710065379739,0,0.9999995827674866,-0.000796184060163796,2.361431796771285e-7,0,-0.6892991662025452,0.004877516068518162,-0.000005195486664888449,1]},{"name":"Bip001 Neck","parent":null,"path":"Point011/Bip001/Bip001 Pelvis/Bip001 Spine/Bip001 Spine1/Bip001 Neck","scale":[1,1,1],"children":[13,52,71],"position":[0.225190579891205,-0.0105586526915431,-2.38418573772492e-9],"quat":[-2.48930343005327e-9,-2.43270335431589e-7,0.086471363902092,0.996254324913025],"uniqueBindPose":[9.67365281212551e-7,0.000004108756002096925,1,0,-0.17307917773723602,-0.984907865524292,0.000004214177351968829,0,0.984907865524292,-0.17307917773723602,-2.416255142634327e-7,0,-0.8981543779373169,0.17276732623577118,-3.267803094786359e-7,1]},{"name":"Bip001 Head","parent":null,"path":"Point011/Bip001/Bip001 Pelvis/Bip001 Spine/Bip001 Spine1/Bip001 Neck/Bip001 Head","scale":[1,1,1],"children":[14,16,18,20,22,24,26,28,30,32,34,36,38,40,42,44,46,48,50],"position":[0.0174815356731415,-0.0192741956561804,-2.38418573772492e-9],"quat":[-0.0468765944242477,-0.014000728726387,-0.115151092410088,0.992142498493195],"uniqueBindPose":[7.390211180791084e-7,0.000014751541129953694,1,0,-0.055707816034555435,-0.9984471797943115,0.000014769803783565294,0,0.9984471201896667,-0.055707816034555435,8.390265548996467e-8,0,-0.9318951368331909,0.08270798623561859,-0.00000105151434581785,1]},{"name":"Bone048","parent":null,"path":"Point011/Bip001/Bip001 Pelvis/Bip001 Spine/Bip001 Spine1/Bip001 Neck/Bip001 Head/Bone048","scale":[1,1,1],"children":[15],"position":[0.129310831427574,0.0668742582201958,-3.81469703825132e-7],"quat":[0.470082521438599,0.528226137161255,0.528226137161255,0.470081597566605],"uniqueBindPose":[8.940696716308594e-8,1.0000001192092896,1.5539818321030907e-8,0,-0.9852288365364075,9.074741313952472e-8,-0.17124256491661072,0,-0.17124253511428833,-4.234697213789287e-17,0.9852290153503418,0,0.13892383873462677,-1.7929041007391788e-7,-1.0521925687789917,1]},{"name":"Bone049","parent":null,"path":"Point011/Bip001/Bip001 Pelvis/Bip001 Spine/Bip001 Spine1/Bip001 Neck/Bip001 Head/Bone048/Bone049","scale":[1,1,1],"position":[0.254916161298752,0.00000303268416246283,1.42108543975646e-16],"quat":[6.50521303491303e-19,1.51461293802434e-28,2.3283064365387e-10,1]},{"name":"Bone050","parent":null,"path":"Point011/Bip001/Bip001 Pelvis/Bip001 Spine/Bip001 Spine1/Bip001 Neck/Bip001 Head/Bone050","scale":[1,1,1],"children":[17],"position":[0.129310831427574,0.0668742582201958,-3.81469703825132e-7],"quat":[0.671324372291565,0.326361417770386,0.570804238319397,0.34204426407814],"uniqueBindPose":[0.5431289672851562,0.8318226933479309,-0.11437560617923737,0,-0.8349224925041199,0.549470841884613,0.03140290081501007,0,0.08896773308515549,0.07843896746635437,0.9929407835006714,0,-0.13050413131713867,-0.05938331037759781,-1.0515942573547363,1]},{"name":"Bone051","parent":null,"path":"Point011/Bip001/Bip001 Pelvis/Bip001 Spine/Bip001 Spine1/Bip001 Neck/Bip001 Head/Bone050/Bone051","scale":[1,1,1],"position":[0.238812178373337,0.00000285148621514963,1.42108543975646e-16],"quat":[-3.72529029846191e-9,1.49011629702045e-8,-1.02445492089487e-8,1]},{"name":"Bone062","parent":null,"path":"Point011/Bip001/Bip001 Pelvis/Bip001 Spine/Bip001 Spine1/Bip001 Neck/Bip001 Head/Bone062","scale":[1,1,1],"children":[19],"position":[0.359359353780746,0.152675718069077,0.158503040671349],"quat":[0.640699505805969,0.340603888034821,0.531578063964844,0.436941534280777],"uniqueBindPose":[0.38351497054100037,0.9220120310783386,-0.05301298573613167,0,-0.910886824131012,0.3871065378189087,0.14294682443141937,0,0.15232032537460327,-0.006533416453748941,0.9883096814155579,0,-0.3857303559780121,-0.08285590261220932,-1.2416539192199707,1]},{"name":"Bone063","parent":null,"path":"Point011/Bip001/Bip001 Pelvis/Bip001 Spine/Bip001 Spine1/Bip001 Neck/Bip001 Head/Bone062/Bone063","scale":[1,1,1],"position":[0.0751956552267075,8.77380330166488e-7,0],"quat":[7.45058148510225e-9,1.49011611938477e-8,-1.86264514923096e-8,1]},{"name":"Bone052","parent":null,"path":"Point011/Bip001/Bip001 Pelvis/Bip001 Spine/Bip001 Spine1/Bip001 Neck/Bip001 Head/Bone052","scale":[1,1,1],"children":[21],"position":[0.129310831427574,0.0668742582201958,-3.81469703825132e-7],"quat":[0.517055869102478,0.482341855764389,0.482341855764389,0.517055034637451],"uniqueBindPose":[1.3155377587281691e-7,1,-1.8029490123083747e-9,0,-0.9999060034751892,1.3156615352727385e-7,0.013703743927180767,0,0.013703743927180767,1.5162363564906846e-16,0.999906063079834,0,-0.057836249470710754,-1.7752259395820147e-7,-1.0597469806671143,1]},{"name":"Bone053","parent":null,"path":"Point011/Bip001/Bip001 Pelvis/Bip001 Spine/Bip001 Spine1/Bip001 Neck/Bip001 Head/Bone052/Bone053","scale":[1,1,1],"position":[0.261251330375671,0.00000310897826238943,0],"quat":[-3.72529074255112e-9,-2.42861270093141e-17,-9.31322796660083e-10,1]},{"name":"Bone054","parent":null,"path":"Point011/Bip001/Bip001 Pelvis/Bip001 Spine/Bip001 Spine1/Bip001 Neck/Bip001 Head/Bone054","scale":[1,1,1],"children":[23],"position":[0.343922197818756,0.15353712439537,0.0618073157966137],"quat":[0.513741016387939,0.485870957374573,0.485876172780991,0.513735294342041],"uniqueBindPose":[0.000010151416063308716,1,-1.1920513998120441e-7,0,-1,0.000010151416972803418,-4.0978315496431605e-7,0,-4.0978193283081055e-7,1.1920930376163597e-7,1,0,-0.14179228246212006,-0.06180669739842415,-1.269890546798706,1]},{"name":"Bone055","parent":null,"path":"Point011/Bip001/Bip001 Pelvis/Bip001 Spine/Bip001 Spine1/Bip001 Neck/Bip001 Head/Bone054/Bone055","scale":[1,1,1],"position":[0.139533534646034,0.00000165939331964182,-1.52587887214395e-7],"quat":[-9.97466164122787e-18,1.49011629702045e-8,4.6566134281889e-10,1]},{"name":"Bone056","parent":null,"path":"Point011/Bip001/Bip001 Pelvis/Bip001 Spine/Bip001 Spine1/Bip001 Neck/Bip001 Head/Bone056","scale":[1,1,1],"children":[25],"position":[0.282344579696655,0.178590089082718,0.0924701541662216],"quat":[0.670149385929108,0.240729212760925,0.392582684755325,0.582089424133301],"uniqueBindPose":[0.2459261268377304,0.9691860675811768,-0.014100288040935993,0,-0.8105547428131104,0.2136078178882599,0.5453189611434937,0,0.5315275192260742,-0.12267912924289703,0.8381097912788391,0,-0.7967265844345093,0.09335228055715561,-0.9212135076522827,1]},{"name":"Bone057","parent":null,"path":"Point011/Bip001/Bip001 Pelvis/Bip001 Spine/Bip001 Spine1/Bip001 Neck/Bip001 Head/Bone056/Bone057","scale":[1,1,1],"position":[0.0712036862969398,8.77380330166488e-7,1.42108543975646e-16],"quat":[-6.22774905423285e-7,0.0625507980585098,-0.128835096955299,0.989691317081451]},{"name":"Bone058","parent":null,"path":"Point011/Bip001/Bip001 Pelvis/Bip001 Spine/Bip001 Spine1/Bip001 Neck/Bip001 Head/Bone058","scale":[1,1,1],"children":[27],"position":[0.282344579696655,0.178590089082718,0.0924701541662216],"quat":[0.466028898954391,0.41655707359314,0.711430132389069,0.32119220495224],"uniqueBindPose":[0.39550331234931946,0.8920725584030151,0.2185949832201004,0,-0.8239384889602661,0.4497676491737366,-0.34472376108169556,0,-0.40583547949790955,-0.04376943036913872,0.9128974676132202,0,0.31866446137428284,0.0438208244740963,-1.1784121990203857,1]},{"name":"Bone059","parent":null,"path":"Point011/Bip001/Bip001 Pelvis/Bip001 Spine/Bip001 Spine1/Bip001 Neck/Bip001 Head/Bone058/Bone059","scale":[1,1,1],"position":[0.0695929527282715,8.20159868908377e-7,-1.52587887214395e-7],"quat":[-5.897655910303e-7,0.0625508204102516,-0.128835082054138,0.989691317081451]},{"name":"Bone061","parent":null,"path":"Point011/Bip001/Bip001 Pelvis/Bip001 Spine/Bip001 Spine1/Bip001 Neck/Bip001 Head/Bone061","scale":[1,1,1],"children":[29],"position":[0.282344579696655,0.178590089082718,0.0924701541662216],"quat":[0.582184910774231,0.373808145523071,0.548070669174194,0.470049649477005],"uniqueBindPose":[0.2867394685745239,0.9570586681365967,0.04265725612640381,0,-0.9556882977485657,0.2826642096042633,0.08222444355487823,0,0.06663592904806137,-0.06434406340122223,0.9957004189491272,0,-0.2630818784236908,0.0353446789085865,-1.1923341751098633,1]},{"name":"Bone060","parent":null,"path":"Point011/Bip001/Bip001 Pelvis/Bip001 Spine/Bip001 Spine1/Bip001 Neck/Bip001 Head/Bone061/Bone060","scale":[1,1,1],"position":[0.0695731714367867,8.39233393890026e-7,2.84217087951293e-16],"quat":[-6.2162348513084e-7,0.0625508353114128,-0.128835096955299,0.989691317081451]},{"name":"Bone054(mirrored)","parent":null,"path":"Point011/Bip001/Bip001 Pelvis/Bip001 Spine/Bip001 Spine1/Bip001 Neck/Bip001 Head/Bone054(mirrored)","scale":[1,1,1],"children":[31],"position":[0.343922346830368,0.153537213802338,-0.0618106164038181],"quat":[0.513736188411713,0.485876023769379,0.485870778560638,0.513740360736847],"uniqueBindPose":[-0.000010091806871059816,1,3.00887597172797e-13,0,-0.9999997615814209,-0.00001009180869004922,2.9802309953197437e-8,0,2.9802308176840597e-8,-1.2807872698868968e-16,0.9999998211860657,0,-0.14179278910160065,0.061808519065380096,-1.269890308380127,1]},{"name":"Bone055(mirrored)","parent":null,"path":"Point011/Bip001/Bip001 Pelvis/Bip001 Spine/Bip001 Spine1/Bip001 Neck/Bip001 Head/Bone054(mirrored)/Bone055(mirrored)","scale":[1,1,1],"position":[0.139533579349518,-0.00000165939331964182,-1.52587887214395e-7],"quat":[-1.79673984024298e-15,-7.45058059692383e-9,-2.40746885538101e-7,1]},{"name":"Bone056(mirrored)","parent":null,"path":"Point011/Bip001/Bip001 Pelvis/Bip001 Spine/Bip001 Spine1/Bip001 Neck/Bip001 Head/Bone056(mirrored)","scale":[1,1,1],"children":[33],"position":[0.282344728708267,0.178590297698975,-0.0924704819917679],"quat":[0.582090198993683,0.392583072185516,0.240729063749313,0.670148491859436],"uniqueBindPose":[-0.2459261119365692,0.9691860675811768,0.014100143685936928,0,-0.8105548620223999,-0.2136077880859375,0.5453186631202698,0,0.5315272212028503,0.12267917394638062,0.8381100296974182,0,-0.7967261075973511,-0.09335321187973022,-0.9212137460708618,1]},{"name":"Bone057(mirrored)","parent":null,"path":"Point011/Bip001/Bip001 Pelvis/Bip001 Spine/Bip001 Spine1/Bip001 Neck/Bip001 Head/Bone056(mirrored)/Bone057(mirrored)","scale":[1,1,1],"position":[0.0712039917707443,-8.39233393890026e-7,-1.42108543975646e-16],"quat":[4.75886452022678e-7,0.0625502541661263,0.128834873437881,0.989691376686096]},{"name":"Bone061(mirrored)","parent":null,"path":"Point011/Bip001/Bip001 Pelvis/Bip001 Spine/Bip001 Spine1/Bip001 Neck/Bip001 Head/Bone061(mirrored)","scale":[1,1,1],"children":[35],"position":[0.282344728708267,0.178590297698975,-0.0924704819917679],"quat":[0.470050424337387,0.548070728778839,0.373808115720749,0.582184314727783],"uniqueBindPose":[-0.2867397367954254,0.9570584893226624,-0.04265701025724411,0,-0.9556882977485657,-0.2826644480228424,0.08222430944442749,0,0.0666358545422554,0.06434379518032074,0.9957004189491272,0,-0.2630816102027893,-0.03534529730677605,-1.1923342943191528,1]},{"name":"Bone060(mirrored)","parent":null,"path":"Point011/Bip001/Bip001 Pelvis/Bip001 Spine/Bip001 Spine1/Bip001 Neck/Bip001 Head/Bone061(mirrored)/Bone060(mirrored)","scale":[1,1,1],"position":[0.0695732459425926,-8.72611963131931e-7,1.42108543975646e-16],"quat":[6.26232463218912e-7,0.0625508278608322,0.12883485853672,0.989691376686096]},{"name":"Bone058(mirrored)","parent":null,"path":"Point011/Bip001/Bip001 Pelvis/Bip001 Spine/Bip001 Spine1/Bip001 Neck/Bip001 Head/Bone058(mirrored)","scale":[1,1,1],"children":[37],"position":[0.282344728708267,0.178590297698975,-0.0924704819917679],"quat":[0.32119345664978,0.711429953575134,0.416556805372238,0.466028541326523],"uniqueBindPose":[-0.39550358057022095,0.8920724391937256,-0.21859492361545563,0,-0.8239389061927795,-0.44976770877838135,-0.34472277760505676,0,-0.4058346450328827,0.043769776821136475,0.9128977656364441,0,0.31866371631622314,-0.04382210597395897,-1.1784121990203857,1]},{"name":"Bone059(mirrored)","parent":null,"path":"Point011/Bip001/Bip001 Pelvis/Bip001 Spine/Bip001 Spine1/Bip001 Neck/Bip001 Head/Bone058(mirrored)/Bone059(mirrored)","scale":[1,1,1],"position":[0.0695930346846581,-8.20159868908377e-7,-1.52587887214395e-7],"quat":[5.83515202379203e-7,0.0625510737299919,0.128835096955299,0.989691317081451]},{"name":"Bone062(mirrored)","parent":null,"path":"Point011/Bip001/Bip001 Pelvis/Bip001 Spine/Bip001 Spine1/Bip001 Neck/Bip001 Head/Bone062(mirrored)","scale":[1,1,1],"children":[39],"position":[0.359359502792358,0.152676001191139,-0.158500358462334],"quat":[0.521727561950684,0.373951822519302,0.282491087913513,0.712852835655212],"uniqueBindPose":[-0.3835148513317108,0.9220116138458252,0.05301280692219734,0,-0.9108867645263672,-0.3871062099933624,0.14294736087322235,0,0.1523207724094391,0.0065337675623595715,0.988309383392334,0,-0.3857293725013733,0.08285170048475266,-1.2416536808013916,1]},{"name":"Bone063(mirrored)","parent":null,"path":"Point011/Bip001/Bip001 Pelvis/Bip001 Spine/Bip001 Spine1/Bip001 Neck/Bip001 Head/Bone062(mirrored)/Bone063(mirrored)","scale":[1,1,1],"position":[0.0751956924796104,-8.96453855148138e-7,-7.62939436071974e-8],"quat":[1.88592927941045e-8,2.9802315282268e-8,-2.3283061523216e-7,1]},{"name":"Bone050(mirrored)","parent":null,"path":"Point011/Bip001/Bip001 Pelvis/Bip001 Spine/Bip001 Spine1/Bip001 Neck/Bip001 Head/Bone050(mirrored)","scale":[1,1,1],"children":[41],"position":[0.129310831427574,0.0668742582201958,-3.81469703825132e-7],"quat":[0.342045515775681,0.570804297924042,0.326361358165741,0.671323716640472],"uniqueBindPose":[-0.5431287884712219,0.8318230509757996,0.11437537521123886,0,-0.8349226713180542,-0.5494706630706787,0.031402893364429474,0,0.08896756917238235,-0.07843880355358124,0.9929410219192505,0,-0.13050377368927002,0.0593828409910202,-1.0515944957733154,1]},{"name":"Bone051(mirrored)","parent":null,"path":"Point011/Bip001/Bip001 Pelvis/Bip001 Spine/Bip001 Spine1/Bip001 Neck/Bip001 Head/Bone050(mirrored)/Bone051(mirrored)","scale":[1,1,1],"position":[0.238812133669853,-0.00000287652005681593,0],"quat":[-5.58794166494181e-9,-2.53319825560538e-7,-1.90921198850447e-8,1]},{"name":"Bone064","parent":null,"path":"Point011/Bip001/Bip001 Pelvis/Bip001 Spine/Bip001 Spine1/Bip001 Neck/Bip001 Head/Bone064","scale":[1,1,1],"children":[43],"position":[0.129310831427574,0.0668742582201958,-3.81469703825132e-7],"quat":[0.489782750606537,0.510013043880463,0.510013043880463,0.489781826734543],"uniqueBindPose":[1.788139627478813e-7,1.0000001192092896,1.6695919669018622e-7,0,-0.9953763484954834,1.9402409634494688e-7,-0.09605279564857483,0,-0.09605280309915543,-1.4901166878189542e-7,0.9953761696815491,0,0.05875016376376152,-1.679974204193968e-8,-1.0596966743469238,1]},{"name":"Bone065","parent":null,"path":"Point011/Bip001/Bip001 Pelvis/Bip001 Spine/Bip001 Spine1/Bip001 Neck/Bip001 Head/Bone064/Bone065","scale":[1,1,1],"position":[0.255496501922607,0.00000303268416246283,7.62939436071974e-8],"quat":[-2.16840434497101e-18,-7.45058059692383e-9,-4.65661287307739e-10,1]},{"name":"Bone066","parent":null,"path":"Point011/Bip001/Bip001 Pelvis/Bip001 Spine/Bip001 Spine1/Bip001 Neck/Bip001 Head/Bone066","scale":[1,1,1],"children":[45],"position":[0.129310831427574,0.0668742582201958,-3.81469703825132e-7],"quat":[0.443512439727783,0.549200177192688,0.399209976196289,0.585070312023163],"uniqueBindPose":[-0.28853291273117065,0.9574639797210693,0.0033527626655995846,0,-0.9571501612663269,-0.2885253131389618,0.024827245622873306,0,0.024738552048802376,0.003954379819333553,0.9996861219406128,0,-0.06768631190061569,-0.016689080744981766,-1.0590319633483887,1]},{"name":"Bone067","parent":null,"path":"Point011/Bip001/Bip001 Pelvis/Bip001 Spine/Bip001 Spine1/Bip001 Neck/Bip001 Head/Bone066/Bone067","scale":[1,1,1],"position":[0.245135113596916,0.00000292062759399414,-7.62939436071974e-8],"quat":[6.51925846639756e-9,7.09068419328867e-17,1.51339936138584e-8,1]},{"name":"Bone069","parent":null,"path":"Point011/Bip001/Bip001 Pelvis/Bip001 Spine/Bip001 Spine1/Bip001 Neck/Bip001 Head/Bone069","scale":[1,1,1],"children":[47],"position":[0.129310831427574,0.0668742582201958,-3.81469703825132e-7],"quat":[0.394518405199051,0.589680671691895,0.381473958492279,0.592544972896576],"uniqueBindPose":[-0.39782828092575073,0.9174351096153259,-0.0067352005280554295,0,-0.9166882634162903,-0.397784024477005,-0.038081757724285126,0,-0.037616703659296036,-0.00897592306137085,0.9992517828941345,0,0.00019005076319444925,-0.0077090817503631115,-1.0612958669662476,1]},{"name":"Bone068","parent":null,"path":"Point011/Bip001/Bip001 Pelvis/Bip001 Spine/Bip001 Spine1/Bip001 Neck/Bip001 Head/Bone069/Bone068","scale":[1,1,1],"position":[0.234369203448296,0.00000279426558336127,-1.42108543975646e-16],"quat":[1.86264514923096e-9,-8.67361655270342e-18,1.02445492089487e-8,1]},{"name":"Bone069(mirrored)","parent":null,"path":"Point011/Bip001/Bip001 Pelvis/Bip001 Spine/Bip001 Spine1/Bip001 Neck/Bip001 Head/Bone069(mirrored)","scale":[1,1,1],"children":[49],"position":[0.12931090593338,0.0668742582201958,-2.28881830821592e-7],"quat":[0.54904717206955,0.398254007101059,0.630413472652435,0.377517908811569],"uniqueBindPose":[0.3978281021118164,0.9174352288246155,0.006735540460795164,0,-0.9166886210441589,0.3977837562561035,-0.03808159753680229,0,-0.03761669993400574,0.008975534699857235,0.9992517828941345,0,0.00018984546477440745,0.0077090756967663765,-1.0612958669662476,1]},{"name":"Bone068(mirrored)","parent":null,"path":"Point011/Bip001/Bip001 Pelvis/Bip001 Spine/Bip001 Spine1/Bip001 Neck/Bip001 Head/Bone069(mirrored)/Bone068(mirrored)","scale":[1,1,1],"position":[0.234369203448296,-0.00000284194948108052,-2.28881830821592e-7],"quat":[6.70552253723145e-8,2.60770196547355e-8,-2.32830710267251e-9,1]},{"name":"Bone066(mirrored)","parent":null,"path":"Point011/Bip001/Bip001 Pelvis/Bip001 Spine/Bip001 Spine1/Bip001 Neck/Bip001 Head/Bone066(mirrored)","scale":[1,1,1],"children":[51],"position":[0.12931090593338,0.0668742582201958,-2.28881830821592e-7],"quat":[0.513133943080902,0.332001745700836,0.599290132522583,0.517029702663422],"uniqueBindPose":[0.2885328531265259,0.9574642181396484,-0.003352288156747818,0,-0.9571501612663269,0.2885252833366394,0.02482733130455017,0,0.024738499894738197,-0.003954858519136906,0.9996859431266785,0,-0.06768640130758286,0.016689162701368332,-1.0590319633483887,1]},{"name":"Bone067(mirrored)","parent":null,"path":"Point011/Bip001/Bip001 Pelvis/Bip001 Spine/Bip001 Spine1/Bip001 Neck/Bip001 Head/Bone066(mirrored)/Bone067(mirrored)","scale":[1,1,1],"position":[0.24513503909111,-0.00000305175763060106,-7.62939436071974e-8],"quat":[-8.96505431197993e-15,2.68220958332677e-7,3.35276197915846e-8,1]},{"name":"Bip001 L Clavicle","parent":null,"path":"Point011/Bip001/Bip001 Pelvis/Bip001 Spine/Bip001 Spine1/Bip001 Neck/Bip001 L Clavicle","scale":[1,1,1],"children":[53],"position":[-0.00572273228317499,-0.0131170842796564,0.0589763261377811],"quat":[0.52857494354248,-0.276506096124649,0.797322452068329,-0.0918139293789864],"uniqueBindPose":[0.9076732397079468,-0.25882089138031006,0.33036577701568604,0,0.24321219325065613,0.9659253358840942,0.08852186799049377,0,-0.3420202136039734,5.458403151692437e-8,0.9396922588348389,0,0.2511349618434906,-0.012378130108118057,-0.878204345703125,1]},{"name":"Bip001 L UpperArm","parent":null,"path":"Point011/Bip001/Bip001 Pelvis/Bip001 Spine/Bip001 Spine1/Bip001 Neck/Bip001 L Clavicle/Bip001 L UpperArm","scale":[1,1,1],"children":[54],"position":[0.176526710391045,2.8610228852699e-8,-7.62939436071974e-8],"quat":[0.506801962852478,0.109202243387699,-0.0813318639993668,0.851241290569305],"uniqueBindPose":[0.917310893535614,0.04066597297787666,0.39609014987945557,0,-0.00587450060993433,0.9960448145866394,-0.08865752071142197,0,-0.3981291353702545,0.07899967581033707,0.9139211177825928,0,0.13805334270000458,-0.14739200472831726,-0.8580089211463928,1]},{"name":"Bip001 L Forearm","parent":null,"path":"Point011/Bip001/Bip001 Pelvis/Bip001 Spine/Bip001 Spine1/Bip001 Neck/Bip001 L Clavicle/Bip001 L UpperArm/Bip001 L Forearm","scale":[1,1,1],"children":[55],"position":[0.175259530544281,0,0],"quat":[2.56397783032551e-18,1.36388790217551e-17,-0.184754073619843,0.982784807682037],"uniqueBindPose":[0.9172393679618835,0.04224954545497894,0.39609014987945557,0,-0.007594051770865917,0.996033251285553,-0.08865751326084137,0,-0.39826494455337524,0.0783122330904007,0.9139211177825928,0,-0.03695164993405342,-0.14745600521564484,-0.8580090403556824,1]},{"name":"Bip001 L Hand","parent":null,"path":"Point011/Bip001/Bip001 Pelvis/Bip001 Spine/Bip001 Spine1/Bip001 Neck/Bip001 L Clavicle/Bip001 L UpperArm/Bip001 L Forearm/Bip001 L Hand","scale":[1,1,1],"children":[56,59,62,65,68],"position":[0.226270467042923,0,-3.81469718035987e-8],"quat":[-0.761674523353577,2.32696758920803e-17,1.66445911515186e-17,0.64795982837677],"uniqueBindPose":[0.9172393679618835,-0.3977406919002533,-0.021788524463772774,0,-0.007594051770865917,-0.0721491351723671,0.9973649382591248,0,-0.39826494455337524,-0.9146562814712524,-0.06919848918914795,0,-0.2632221281528473,0.8705505728721619,-0.008013695478439331,1]},{"name":"Bip001 L Finger0","parent":null,"path":"Point011/Bip001/Bip001 Pelvis/Bip001 Spine/Bip001 Spine1/Bip001 Neck/Bip001 L Clavicle/Bip001 L UpperArm/Bip001 L Forearm/Bip001 L Hand/Bip001 L Finger0","scale":[1,1,1],"children":[57],"position":[0.0230418965220451,0.00911079347133636,-0.0499533824622631],"quat":[0.440997540950775,0.377573043107986,0.00950335897505283,0.814167976379395],"uniqueBindPose":[0.5301510691642761,0.032495830208063126,0.8472800850868225,0,-0.6354069113731384,0.6768729090690613,0.3716196119785309,0,-0.5614250302314758,-0.7353823781013489,0.3794928193092346,0,0.07017986476421356,0.46573713421821594,-0.777141273021698,1]},{"name":"Bip001 L Finger01","parent":null,"path":"Point011/Bip001/Bip001 Pelvis/Bip001 Spine/Bip001 Spine1/Bip001 Neck/Bip001 L Clavicle/Bip001 L UpperArm/Bip001 L Forearm/Bip001 L Hand/Bip001 L Finger0/Bip001 L Finger01","scale":[1,1,1],"children":[58],"position":[0.0373743064701557,1.90734859017994e-8,-3.81469718035987e-8],"quat":[1.85345327974318e-9,1.84815773796032e-10,0.099222220480442,0.995065271854401],"uniqueBindPose":[0.5261290669441223,-0.07283028215169907,0.8472802639007568,0,-0.4892369210720062,0.7890160083770752,0.37161940336227417,0,-0.6955831050872803,-0.610040545463562,0.3794928193092346,0,0.12412665039300919,0.45008864998817444,-0.7771413326263428,1]},{"name":"Bip001 L Finger02","parent":null,"path":"Point011/Bip001/Bip001 Pelvis/Bip001 Spine/Bip001 Spine1/Bip001 Neck/Bip001 L Clavicle/Bip001 L UpperArm/Bip001 L Forearm/Bip001 L Hand/Bip001 L Finger0/Bip001 L Finger01/Bip001 L Finger02","scale":[1,1,1],"position":[0.0296620931476355,0,7.10542719878232e-17],"quat":[3.00622304827414e-9,3.52326029462446e-10,0.116402201354504,0.993202149868011],"uniqueBindPose":[0.49503135681152344,-0.19250907003879547,0.8472803235054016,0,-0.2935413718223572,0.8807567954063416,0.37161916494369507,0,-0.8177884221076965,-0.43267500400543213,0.3794926702976227,0,0.19597530364990234,0.41604918241500854,-0.7771411538124084,1]},{"name":"Bip001 L Finger1","parent":null,"path":"Point011/Bip001/Bip001 Pelvis/Bip001 Spine/Bip001 Spine1/Bip001 Neck/Bip001 L Clavicle/Bip001 L UpperArm/Bip001 L Forearm/Bip001 L Hand/Bip001 L Finger1","scale":[1,1,1],"children":[60],"position":[0.0923615023493767,-0.0112055586650968,-0.044939499348402],"quat":[-0.00272190012037754,0.0735942125320435,-0.0315151736140251,0.99678647518158],"uniqueBindPose":[0.9338229894638062,-0.33946484327316284,0.11286503821611404,0,-0.14909258484840393,-0.08251733332872391,0.9853742718696594,0,-0.32518666982650757,-0.9369919300079346,-0.12766829133033752,0,-0.41218888759613037,0.8574217557907104,-0.01501076202839613,1]},{"name":"Bip001 L Finger11","parent":null,"path":"Point011/Bip001/Bip001 Pelvis/Bip001 Spine/Bip001 Spine1/Bip001 Neck/Bip001 L Clavicle/Bip001 L UpperArm/Bip001 L Forearm/Bip001 L Hand/Bip001 L Finger1/Bip001 L Finger11","scale":[1,1,1],"children":[61],"position":[0.0466621406376362,-3.81469718035987e-8,0],"quat":[5.47727196931191e-10,7.66032570709285e-9,0.172727733850479,0.984969615936279],"uniqueBindPose":[0.7625945806503296,-0.6369544863700867,0.11286517977714539,0,-0.16827401518821716,-0.02686273120343685,0.9853742718696594,0,-0.6246070861816406,-0.770432710647583,-0.12766827642917633,0,-0.13972219824790955,0.9623895883560181,-0.015010872855782509,1]},{"name":"Bip001 L Finger12","parent":null,"path":"Point011/Bip001/Bip001 Pelvis/Bip001 Spine/Bip001 Spine1/Bip001 Neck/Bip001 L Clavicle/Bip001 L UpperArm/Bip001 L Forearm/Bip001 L Hand/Bip001 L Finger1/Bip001 L Finger11/Bip001 L Finger12","scale":[1,1,1],"position":[0.0310653299093246,-7.10542719878232e-17,-3.81469718035987e-8],"quat":[-1.35944659973575e-8,-8.1152933262274e-9,0.0482019633054733,0.99883759021759],"uniqueBindPose":[0.6977172493934631,-0.7074263095855713,0.11286525428295135,0,-0.17007878422737122,-0.010534418746829033,0.9853742718696594,0,-0.6958912014961243,-0.7067079544067383,-0.12766827642917633,0,-0.07732346653938293,0.9743629097938538,-0.015010933391749859,1]},{"name":"Bip001 L Finger2","parent":null,"path":"Point011/Bip001/Bip001 Pelvis/Bip001 Spine/Bip001 Spine1/Bip001 Neck/Bip001 L Clavicle/Bip001 L UpperArm/Bip001 L Forearm/Bip001 L Hand/Bip001 L Finger2","scale":[1,1,1],"children":[63],"position":[0.0993203893303871,-0.0168703068047762,-0.0111112594604492],"quat":[-0.0000676255440339446,0.00831387937068939,-0.0396120510995388,0.999180555343628],"uniqueBindPose":[0.946081280708313,-0.32386836409568787,-0.006333277095109224,0,-0.018422801047563553,-0.0733155831694603,0.9971386790275574,0,-0.3234061598777771,-0.9432569146156311,-0.07532905042171478,0,-0.4316546618938446,0.8559353351593018,-0.003392629325389862,1]},{"name":"Bip001 L Finger21","parent":null,"path":"Point011/Bip001/Bip001 Pelvis/Bip001 Spine/Bip001 Spine1/Bip001 Neck/Bip001 L Clavicle/Bip001 L UpperArm/Bip001 L Forearm/Bip001 L Hand/Bip001 L Finger2/Bip001 L Finger21","scale":[1,1,1],"children":[64],"position":[0.0491297133266926,-3.81469718035987e-8,-3.81469718035987e-8],"quat":[1.02326342954484e-8,8.70082850212839e-9,0.116402216255665,0.993202149868011],"uniqueBindPose":[0.8455579876899719,-0.5338464975357056,-0.006333201192319393,0,-0.034875817596912384,-0.06706899404525757,0.9971386790275574,0,-0.5327442288398743,-0.8429168462753296,-0.07532905042171478,0,-0.2698444426059723,0.943908154964447,-0.003392716171219945,1]},{"name":"Bip001 L Finger22","parent":null,"path":"Point011/Bip001/Bip001 Pelvis/Bip001 Spine/Bip001 Spine1/Bip001 Neck/Bip001 L Clavicle/Bip001 L UpperArm/Bip001 L Forearm/Bip001 L Hand/Bip001 L Finger2/Bip001 L Finger21/Bip001 L Finger22","scale":[1,1,1],"position":[0.0415197759866714,-1.42108543975646e-16,-3.81469718035987e-8],"quat":[-4.45245937896743e-8,8.45415648598191e-9,-0.022491779178381,0.999747037887573],"uniqueBindPose":[0.8687107563018799,-0.49527978897094727,-0.006333222147077322,0,-0.031824272125959396,-0.0685695931315422,0.9971386790275574,0,-0.4942973256111145,-0.8660227060317993,-0.07532905042171478,0,-0.3534988462924957,0.9289504885673523,-0.003392675193026662,1]},{"name":"Bip001 L Finger3","parent":null,"path":"Point011/Bip001/Bip001 Pelvis/Bip001 Spine/Bip001 Spine1/Bip001 Neck/Bip001 L Clavicle/Bip001 L UpperArm/Bip001 L Forearm/Bip001 L Hand/Bip001 L Finger3","scale":[1,1,1],"children":[66],"position":[0.0965046882629395,-0.0105651086196303,0.0215302277356386],"quat":[-0.0451640002429485,-0.0607346370816231,0.0185149256139994,0.996959745883942],"uniqueBindPose":[0.8903760313987732,-0.42266425490379333,-0.1690739393234253,0,0.1085207462310791,-0.1636257767677307,0.9805353283882141,0,-0.4421025514602661,-0.8913925886154175,-0.09982059895992279,0,-0.3229924440383911,0.890950620174408,0.09232498705387115,1]},{"name":"Bip001 L Finger31","parent":null,"path":"Point011/Bip001/Bip001 Pelvis/Bip001 Spine/Bip001 Spine1/Bip001 Neck/Bip001 L Clavicle/Bip001 L UpperArm/Bip001 L Forearm/Bip001 L Hand/Bip001 L Finger3/Bip001 L Finger31","scale":[1,1,1],"children":[67],"position":[0.0508234761655331,7.62939436071974e-8,-7.62939436071974e-8],"quat":[2.05153760646226e-9,-1.47592613686243e-8,0.137676358222961,0.99047726392746],"uniqueBindPose":[0.741348385810852,-0.6494740843772888,-0.16907387971878052,0,0.05978089198470116,-0.18701964616775513,0.9805353283882141,0,-0.6684530973434448,-0.7370252013206482,-0.099820576608181,0,-0.11665471643209457,0.9591259360313416,0.09232491999864578,1]},{"name":"Bip001 L Finger32","parent":null,"path":"Point011/Bip001/Bip001 Pelvis/Bip001 Spine/Bip001 Spine1/Bip001 Neck/Bip001 L Clavicle/Bip001 L UpperArm/Bip001 L Forearm/Bip001 L Hand/Bip001 L Finger3/Bip001 L Finger31/Bip001 L Finger32","scale":[1,1,1],"position":[0.0237477291375399,7.10542719878232e-17,0],"quat":[1.12824460885008e-8,3.05104492781538e-8,0.0581828095018864,0.998305916786194],"uniqueBindPose":[0.6608807444572449,-0.7311980128288269,-0.16907382011413574,0,0.037650320678949356,-0.19269803166389465,0.9805353283882141,0,-0.7495465874671936,-0.6543819904327393,-0.0998205617070198,0,-0.028031669557094574,0.9689425230026245,0.0923248678445816,1]},{"name":"Bip001 L Finger4","parent":null,"path":"Point011/Bip001/Bip001 Pelvis/Bip001 Spine/Bip001 Spine1/Bip001 Neck/Bip001 L Clavicle/Bip001 L UpperArm/Bip001 L Forearm/Bip001 L Hand/Bip001 L Finger4","scale":[1,1,1],"children":[69],"position":[0.0928308442234993,-0.00267280568368733,0.0513301081955433],"quat":[-0.0677003040909767,-0.146238923072815,0.10219157487154,0.981625020503998],"uniqueBindPose":[0.7652223110198975,-0.5481016039848328,-0.33766812086105347,0,0.24953259527683258,-0.23098014295101166,0.940415620803833,0,-0.5934385657310486,-0.8038854598999023,-0.03998193144798279,0,-0.1571204662322998,0.9210255742073059,0.140852153301239,1]},{"name":"Bip001 L Finger41","parent":null,"path":"Point011/Bip001/Bip001 Pelvis/Bip001 Spine/Bip001 Spine1/Bip001 Neck/Bip001 L Clavicle/Bip001 L UpperArm/Bip001 L Forearm/Bip001 L Hand/Bip001 L Finger4/Bip001 L Finger41","scale":[1,1,1],"children":[70],"position":[0.0341936089098454,3.81469718035987e-8,7.10542719878232e-17],"quat":[-5.46126699418892e-9,1.43560772158935e-8,0.11825355142355,0.992983460426331],"uniqueBindPose":[0.6151000261306763,-0.7124830484390259,-0.33766812086105347,0,0.1883084774017334,-0.2831222712993622,0.940415620803833,0,-0.7656323313713074,-0.6420348882675171,-0.039981916546821594,0,0.030337564647197723,0.9401960372924805,0.14085213840007782,1]},{"name":"Bip001 L Finger42","parent":null,"path":"Point011/Bip001/Bip001 Pelvis/Bip001 Spine/Bip001 Spine1/Bip001 Neck/Bip001 L Clavicle/Bip001 L UpperArm/Bip001 L Forearm/Bip001 L Hand/Bip001 L Finger4/Bip001 L Finger41/Bip001 L Finger42","scale":[1,1,1],"position":[0.0263497158885002,-3.81469718035987e-8,7.62939436071974e-8],"quat":[-4.63543065043481e-10,-4.43647826808835e-11,0.0952727720141411,0.995451211929321],"uniqueBindPose":[0.4687903821468353,-0.816220223903656,-0.33766812086105347,0,0.1311875879764557,-0.31370067596435547,0.940415620803833,0,-0.8735136389732361,-0.4851554036140442,-0.03998188301920891,0,0.1822510063648224,0.9223716259002686,0.14085209369659424,1]},{"name":"Bip001 R Clavicle","parent":null,"path":"Point011/Bip001/Bip001 Pelvis/Bip001 Spine/Bip001 Spine1/Bip001 Neck/Bip001 R Clavicle","scale":[1,1,1],"children":[72],"position":[-0.00572280865162611,-0.0131167508661747,-0.0589764565229416],"quat":[-0.606752991676331,0.0195565558969975,0.789040088653564,0.0942553952336311],"uniqueBindPose":[-0.9076735377311707,0.2588171064853668,0.3303665220737457,0,0.24320845305919647,0.9659264087677002,-0.08852054178714752,0,-0.3420201539993286,1.7800304874526773e-7,-0.9396927356719971,0,0.25113582611083984,-0.012378498911857605,0.8782044053077698,1]},{"name":"Bip001 R UpperArm","parent":null,"path":"Point011/Bip001/Bip001 Pelvis/Bip001 Spine/Bip001 Spine1/Bip001 Neck/Bip001 R Clavicle/Bip001 R UpperArm","scale":[1,1,1],"children":[73],"position":[0.1765266507864,-9.53674295089968e-9,-1.42108543975646e-16],"quat":[-0.175508469343185,-0.20095606148243,-0.336751729249954,0.903001487255096],"uniqueBindPose":[-0.9173102378845215,-0.04066969454288483,0.3960902988910675,0,-0.005877927411347628,0.9960445761680603,0.08865901082754135,0,-0.39812910556793213,0.07899961620569229,-0.9139216542243958,0,0.13805420696735382,-0.1473919153213501,0.8580090999603271,1]},{"name":"Bip001 R Forearm","parent":null,"path":"Point011/Bip001/Bip001 Pelvis/Bip001 Spine/Bip001 Spine1/Bip001 Neck/Bip001 R Clavicle/Bip001 R UpperArm/Bip001 R Forearm","scale":[1,1,1],"children":[74],"position":[0.175259470939636,9.53674295089968e-9,1.42108543975646e-16],"quat":[-1.0250836568244e-17,-8.61283019277323e-17,-0.391494423151016,0.92018049955368],"uniqueBindPose":[-0.9172385931015015,-0.0422532744705677,0.3960903584957123,0,-0.007597477175295353,0.9960330724716187,0.08865901082754135,0,-0.39826494455337524,0.07831218093633652,-0.9139215350151062,0,-0.036950770765542984,-0.14745591580867767,0.8580090999603271,1]},{"name":"Bip001 R Hand","parent":null,"path":"Point011/Bip001/Bip001 Pelvis/Bip001 Spine/Bip001 Spine1/Bip001 Neck/Bip001 R Clavicle/Bip001 R UpperArm/Bip001 R Forearm/Bip001 R Hand","scale":[1,1,1],"children":[75,78,81,84,87],"position":[0.226270407438278,-3.81469718035987e-8,-1.42108543975646e-16],"quat":[0.876434564590454,-0.15407583117485,0.094278484582901,0.446357071399689],"uniqueBindPose":[-0.9172385931015015,0.39774149656295776,-0.02178485319018364,0,-0.007597477175295353,-0.07214778661727905,-0.9973651170730591,0,-0.39826494455337524,-0.9146567583084106,0.06919857114553452,0,-0.26322123408317566,0.870550811290741,0.008013644255697727,1]},{"name":"Bip001 R Finger0","parent":null,"path":"Point011/Bip001/Bip001 Pelvis/Bip001 Spine/Bip001 Spine1/Bip001 Neck/Bip001 R Clavicle/Bip001 R UpperArm/Bip001 R Forearm/Bip001 R Hand/Bip001 R Finger0","scale":[1,1,1],"children":[76],"position":[0.0230418778955936,0.00911083165556192,0.0499534197151661],"quat":[-0.440997570753098,-0.377573043107986,0.00950346235185862,0.81416791677475],"uniqueBindPose":[-0.5301488637924194,-0.032497651875019073,0.8472816944122314,0,-0.6354084014892578,0.6768726110458374,-0.3716173768043518,0,-0.5614247918128967,-0.7353824973106384,-0.37949270009994507,0,0.0701797604560852,0.4657374322414398,0.7771406173706055,1]},{"name":"Bip001 R Finger01","parent":null,"path":"Point011/Bip001/Bip001 Pelvis/Bip001 Spine/Bip001 Spine1/Bip001 Neck/Bip001 R Clavicle/Bip001 R UpperArm/Bip001 R Forearm/Bip001 R Hand/Bip001 R Finger0/Bip001 R Finger01","scale":[1,1,1],"children":[77],"position":[0.0373742915689945,-7.62939436071974e-8,0],"quat":[-1.53820760573353e-8,4.0818348701066e-9,0.0992222130298615,0.995065271854401],"uniqueBindPose":[-0.5261273980140686,0.07282814383506775,0.8472816944122314,0,-0.4892384111881256,0.78901606798172,-0.3716173768043518,0,-0.6955825686454773,-0.6100409626960754,-0.3794928193092346,0,0.12412641197443008,0.45008912682533264,0.7771406173706055,1]},{"name":"Bip001 R Finger02","parent":null,"path":"Point011/Bip001/Bip001 Pelvis/Bip001 Spine/Bip001 Spine1/Bip001 Neck/Bip001 R Clavicle/Bip001 R UpperArm/Bip001 R Forearm/Bip001 R Hand/Bip001 R Finger0/Bip001 R Fi