[1,["f6E1LmNzpF9a4BEQtE0KRj","6dkeWRTOBGXICfYQ7JUBnG","05FwPrvgJIJKZP7NWyq8KT"],["diffuseTexture","_effectAsset","_model"],[["cc.BufferRange",["length","offset"],1],["cc.Model",["_name","_nodes"],1],["cc.Material",["_techniqueData"],3,11],["cc.Mesh",["_native","_vertexBundles","_primitives","_minPos","_maxPos"],2,9,9,5,5],["cc.mesh.VertexBundle",["verticesCount","data","formats"],2,4,9],["cc.mesh.VertexFormat",["name","type","num"],0],["cc.mesh.Primitive",["vertexBundleIndices","data"],2,4],["cc.Skeleton",["_skinIndex","_jointIndices"],1]],[[5,0,1,2,4],[1,0,1,3],[2,0,1],[3,0,1,2,3,4,2],[4,0,1,2,2],[0,0,2],[0,1,0,3],[6,0,1,2],[7,0,1,3]],[[[[1,"poseidon@swim",[{"name":"RootNode","path":"","scale":[1,1,1],"children":[1,2],"position":[0,0,0],"quat":[0,0,0,1]},{"name":"poseidon","mesh":0,"skin":0,"parent":null,"path":"poseidon","scale":[1,1,1],"position":[0,0,0],"quat":[-0.70710676908493,0,0,0.70710676908493]},{"name":"Bip001","parent":null,"path":"Bip001","scale":[1,1,1],"children":[3,63],"position":[-7.54639577865601,2.23247909545898,0.0829743966460228],"quat":[-0.34494361281395,0.418747097253799,-0.600969016551971,0.586942076683044]},{"name":"Bip001 Pelvis","parent":null,"path":"Bip001/Bip001 Pelvis","scale":[1,1,1],"children":[4,57,60],"position":[0,0,0],"quat":[0.499655514955521,0.500343561172485,0.50031989812851,-0.499680578708649],"uniqueBindPose":[-0.0000010318628937966423,0.0000027109629172628047,1,0,-0.258906751871109,-0.9659023880958557,0.0000023513689484389033,0,0.9659023284912109,-0.258906751871109,0.000001698565256447182,0,-0.6549781560897827,0.27998510003089905,-0.0000014348768218042096,1]},{"name":"Bip001 Spine","parent":null,"path":"Bip001/Bip001 Pelvis/Bip001 Spine","scale":[1,1,1],"children":[5],"position":[0.197382807731628,0.0394197069108486,3.0517577442879e-7],"quat":[-0.00112419470679015,-0.0000499644229421392,-0.017185315489769,0.999851703643799],"uniqueBindPose":[1.0916177961561857e-9,-0.0000014026936696609482,1,0,-0.000796317879576236,-0.9999997019767761,-0.0000014026923054188956,0,0.9999995827674866,-0.000796317879576236,-2.208607741138735e-9,0,-0.9025267362594604,0.06242106854915619,8.08933648954735e-8,1]},{"name":"Bip001 Spine1","parent":null,"path":"Bip001/Bip001 Pelvis/Bip001 Spine/Bip001 Spine1","scale":[1,1,1],"children":[6],"position":[0.207710564136505,-0.000153045650222339,3.0517577442879e-7],"quat":[-0.00112298433668911,-0.0000233398423006292,-0.0402079075574875,0.99919068813324],"uniqueBindPose":[-5.9130218943437285e-8,-0.0000014039693496670225,1,0,0.04313214123249054,-0.999069333076477,-0.0000014001122963236412,0,0.999069333076477,0.04313214123249054,1.196313945683869e-7,0,-1.1119192838668823,0.0137434471398592,-5.4118885373100056e-8,1]},{"name":"Bip001 Spine2","parent":null,"path":"Bip001/Bip001 Pelvis/Bip001 Spine/Bip001 Spine1/Bip001 Spine2","scale":[1,1,1],"children":[7],"position":[0.192529901862144,-0.0001983642578125,3.0517577442879e-7],"quat":[-0.0011230583768338,0.0000201292550627841,-0.0787103250622749,0.996896922588348],"uniqueBindPose":[-2.241387306867182e-7,-0.0000014211404959496576,1,0,0.16349664330482483,-0.9865438342094421,-0.0000013653715313921566,0,0.9865437746047974,0.16349664330482483,4.5347445620791405e-7,0,-1.2965900897979736,-0.14372828602790833,-4.908825417260232e-7,1]},{"name":"Bip001 Neck","parent":null,"path":"Bip001/Bip001 Pelvis/Bip001 Spine/Bip001 Spine1/Bip001 Spine2/Bip001 Neck","scale":[1,1,1],"children":[8,27,47],"position":[0.287237554788589,-0.0219845566898584,-6.10351548857579e-7],"quat":[-4.21872181632921e-9,-5.07784818637447e-7,0.175229385495186,0.98452764749527],"uniqueBindPose":[3.8286302128653915e-7,-0.0000014572414102076436,1,0,-0.2792772054672241,-0.9602105617523193,-0.0000012923334224979044,0,0.960210382938385,-0.2792772352695465,-7.746034498268273e-7,0,-1.4806870222091675,0.5752546787261963,0.0000014658081681773183,1]},{"name":"Bip001 L Clavicle","parent":null,"path":"Bip001/Bip001 Pelvis/Bip001 Spine/Bip001 Spine1/Bip001 Spine2/Bip001 Neck/Bip001 L Clavicle","scale":[1,1,1],"children":[9],"position":[0.0143664544448256,-0.0187395475804806,0.100101314485073],"quat":[0.46154597401619,-0.166925713419914,0.864647090435028,0.107221841812134],"uniqueBindPose":[0.8710644841194153,-0.1896868497133255,0.45306238532066345,0,0.09019191563129425,0.9685046672821045,0.2320863902568817,0,-0.48281678557395935,-0.1612996608018875,0.860738217830658,0,0.6713891625404358,0.12737318873405457,-1.4584380388259888,1]},{"name":"Bip001 L UpperArm","parent":null,"path":"Bip001/Bip001 Pelvis/Bip001 Spine/Bip001 Spine1/Bip001 Spine2/Bip001 Neck/Bip001 L Clavicle/Bip001 L UpperArm","scale":[1,1,1],"children":[10],"position":[0.278549343347549,3.0517577442879e-7,6.10351548857579e-7],"quat":[0.152893736958504,0.330933839082718,0.102601185441017,0.925515711307526],"uniqueBindPose":[0.5743795037269592,0.012019643560051918,0.8185008764266968,0,-0.03230220824480057,0.9994463324546814,0.007991122081875801,0,-0.8179515600204468,-0.03102932684123516,0.5744497179985046,0,1.0076916217803955,-0.13823623955249786,-1.1238492727279663,1]},{"name":"Bip001 L Forearm","parent":null,"path":"Bip001/Bip001 Pelvis/Bip001 Spine/Bip001 Spine1/Bip001 Spine2/Bip001 Neck/Bip001 L Clavicle/Bip001 L UpperArm/Bip001 L Forearm","scale":[1,1,1],"children":[11],"position":[0.354481816291809,0,0],"quat":[-3.08252825734826e-18,8.46616577621166e-17,-0.148403853178024,0.988926827907562],"uniqueBindPose":[0.5263617038726807,0.23021653294563293,0.8185008764266968,0,-0.41111353039741516,0.9115491509437561,0.007991127669811249,0,-0.7442640662193298,-0.34070301055908203,0.5744497179985046,0,0.6565486192703247,0.1213935986161232,-1.1238492727279663,1]},{"name":"Bip001 L Hand","parent":null,"path":"Bip001/Bip001 Pelvis/Bip001 Spine/Bip001 Spine1/Bip001 Spine2/Bip001 Neck/Bip001 L Clavicle/Bip001 L UpperArm/Bip001 L Forearm/Bip001 L Hand","scale":[1,1,1],"children":[12,15,18,21,24],"position":[0.367804259061813,0,0],"quat":[-0.439136117696762,0.079010434448719,0.115803070366383,0.887415587902069],"uniqueBindPose":[0.5263617038726807,-0.6836482882499695,0.5055375695228577,0,-0.41111353039741516,0.31581416726112366,0.8551298379898071,0,-0.7442640662193298,-0.6579408049583435,-0.11482458561658859,0,0.28874439001083374,1.093848466873169,-0.2850766181945801,1]},{"name":"Bip001 L Finger0","parent":null,"path":"Bip001/Bip001 Pelvis/Bip001 Spine/Bip001 Spine1/Bip001 Spine2/Bip001 Neck/Bip001 L Clavicle/Bip001 L UpperArm/Bip001 L Forearm/Bip001 L Hand/Bip001 L Finger0","scale":[1,1,1],"children":[13],"position":[0.0466326884925365,0.0326592996716499,-0.070775143802166],"quat":[0.667187631130219,0.375671952962875,0.021353043615818,0.642864942550659],"uniqueBindPose":[-0.30532220005989075,0.5770452618598938,0.7574939727783203,0,-0.5996876955032349,0.5014025568962097,-0.623674750328064,0,-0.7396979928016663,-0.6446815133094788,0.19295759499073029,0,0.8158262372016907,0.16905565559864044,-0.732471227645874,1]},{"name":"Bip001 L Finger01","parent":null,"path":"Bip001/Bip001 Pelvis/Bip001 Spine/Bip001 Spine1/Bip001 Spine2/Bip001 Neck/Bip001 L Clavicle/Bip001 L UpperArm/Bip001 L Forearm/Bip001 L Hand/Bip001 L Finger0/Bip001 L Finger01","scale":[1,1,1],"children":[14],"position":[0.0515063479542732,5.68434175902586e-16,2.1316281596347e-16],"quat":[6.31028340691842e-10,-9.29182242259685e-9,0.0677561536431313,0.99770188331604],"uniqueBindPose":[-0.3151891827583313,0.5717155337333679,0.7574939727783203,0,-0.6082119345664978,0.4910275936126709,-0.623674750328064,0,-0.7285149693489075,-0.6572923064231873,0.19295762479305267,0,0.7613041996955872,0.18215957283973694,-0.7324711680412292,1]},{"name":"Bip001 L Finger02","parent":null,"path":"Bip001/Bip001 Pelvis/Bip001 Spine/Bip001 Spine1/Bip001 Spine2/Bip001 Neck/Bip001 L Clavicle/Bip001 L UpperArm/Bip001 L Forearm/Bip001 L Hand/Bip001 L Finger0/Bip001 L Finger01/Bip001 L Finger02","scale":[1,1,1],"position":[0.0519116185605526,-5.68434175902586e-16,-3.0517577442879e-7],"quat":[1.46243124277134e-8,2.85903523078446e-9,0.191866621375084,0.981420993804932],"uniqueBindPose":[-0.1744547039270401,0.6291012167930603,0.7574939727783203,0,-0.47819361090660095,0.6183531880378723,-0.623674750328064,0,-0.8607532978057861,-0.4710318148136139,0.19295759499073029,0,0.7322865128517151,0.013196514919400215,-0.732471227645874,1]},{"name":"Bip001 L Finger1","parent":null,"path":"Bip001/Bip001 Pelvis/Bip001 Spine/Bip001 Spine1/Bip001 Spine2/Bip001 Neck/Bip001 L Clavicle/Bip001 L UpperArm/Bip001 L Forearm/Bip001 L Hand/Bip001 L Finger1","scale":[1,1,1],"children":[16],"position":[0.1622314453125,-0.0000521850561199244,-0.0655015558004379],"quat":[0.0158335417509079,0.0434284470975399,0.100813746452332,0.993830919265747],"uniqueBindPose":[0.22319933772087097,-0.7680332064628601,0.6002557277679443,0,-0.4730584919452667,0.45306891202926636,0.7556084990501404,0,-0.852289617061615,-0.4526073634624481,-0.2621999680995941,0,0.44534438848495483,1.0133217573165894,-0.18890437483787537,1]},{"name":"Bip001 L Finger11","parent":null,"path":"Bip001/Bip001 Pelvis/Bip001 Spine/Bip001 Spine1/Bip001 Spine2/Bip001 Neck/Bip001 L Clavicle/Bip001 L UpperArm/Bip001 L Forearm/Bip001 L Hand/Bip001 L Finger1/Bip001 L Finger11","scale":[1,1,1],"children":[17],"position":[0.0626959204673767,1.52587887214395e-7,2.84217087951293e-16],"quat":[2.53989327347881e-8,2.1566576080545e-8,0.238024666905403,0.971259117126465],"uniqueBindPose":[-0.12714217603206635,-0.7896378040313721,0.6002558469772339,0,-0.23351292312145233,0.6119865775108337,0.7556084394454956,0,-0.9640054106712341,-0.04409780725836754,-0.2621999680995941,0,0.7796705961227417,0.7519005537033081,-0.18890447914600372,1]},{"name":"Bip001 L Finger12","parent":null,"path":"Bip001/Bip001 Pelvis/Bip001 Spine/Bip001 Spine1/Bip001 Spine2/Bip001 Neck/Bip001 L Clavicle/Bip001 L UpperArm/Bip001 L Forearm/Bip001 L Hand/Bip001 L Finger1/Bip001 L Finger11/Bip001 L Finger12","scale":[1,1,1],"position":[0.0526971407234669,-1.52587887214395e-7,2.84217087951293e-16],"quat":[-1.48194727600526e-8,-1.55814061653103e-9,0.104565046727657,0.994518041610718],"uniqueBindPose":[-0.15675103664398193,-0.784296989440918,0.6002560257911682,0,-0.21033048629760742,0.6203363537788391,0.7556082606315613,0,-0.9649819135665894,-0.007809759583324194,-0.2621999680995941,0,0.7547391057014465,0.7240265011787415,-0.18890464305877686,1]},{"name":"Bip001 L Finger2","parent":null,"path":"Bip001/Bip001 Pelvis/Bip001 Spine/Bip001 Spine1/Bip001 Spine2/Bip001 Neck/Bip001 L Clavicle/Bip001 L UpperArm/Bip001 L Forearm/Bip001 L Hand/Bip001 L Finger2","scale":[1,1,1],"children":[19],"position":[0.164306029677391,-0.0044351196847856,-0.0196839906275272],"quat":[-0.00339074991643429,0.0134102329611778,0.185960307717323,0.982459902763367],"uniqueBindPose":[0.14593744277954102,-0.8473517298698425,0.5105854868888855,0,-0.24722886085510254,0.46849745512008667,0.8481674790382385,0,-0.957904040813446,-0.2500108778476715,-0.14111848175525665,0,0.6151185035705566,0.9228147864341736,-0.24937398731708527,1]},{"name":"Bip001 L Finger21","parent":null,"path":"Bip001/Bip001 Pelvis/Bip001 Spine/Bip001 Spine1/Bip001 Spine2/Bip001 Neck/Bip001 L Clavicle/Bip001 L UpperArm/Bip001 L Forearm/Bip001 L Hand/Bip001 L Finger2/Bip001 L Finger21","scale":[1,1,1],"children":[20],"position":[0.0646478235721588,-1.42108543975646e-16,3.55271359939116e-17],"quat":[-2.46826443077475e-17,-2.43818235343803e-17,0.135349288582802,0.990797936916351],"uniqueBindPose":[-0.05394349619746208,-0.8581331372261047,0.5105856657028198,0,-0.1322024017572403,0.5129665732383728,0.8481674194335938,0,-0.989753782749176,-0.021747533231973648,-0.14111846685409546,0,0.7489286661148071,0.7705264687538147,-0.2493741512298584,1]},{"name":"Bip001 L Finger22","parent":null,"path":"Bip001/Bip001 Pelvis/Bip001 Spine/Bip001 Spine1/Bip001 Spine2/Bip001 Neck/Bip001 L Clavicle/Bip001 L UpperArm/Bip001 L Forearm/Bip001 L Hand/Bip001 L Finger2/Bip001 L Finger21/Bip001 L Finger22","scale":[1,1,1],"position":[0.0622344948351383,7.62939436071974e-8,1.52587887214395e-7],"quat":[-1.45136471729757e-8,-3.37618644152826e-9,0.226572051644325,0.973994433879852],"uniqueBindPose":[-0.2932157516479492,-0.8082864880561829,0.5105855464935303,0,0.017471130937337875,0.5294401049613953,0.8481674790382385,0,-0.9558866620063782,0.2576165795326233,-0.14111848175525665,0,0.8757529258728027,0.5461830496788025,-0.24937400221824646,1]},{"name":"Bip001 L Finger3","parent":null,"path":"Bip001/Bip001 Pelvis/Bip001 Spine/Bip001 Spine1/Bip001 Spine2/Bip001 Neck/Bip001 L Clavicle/Bip001 L UpperArm/Bip001 L Forearm/Bip001 L Hand/Bip001 L Finger3","scale":[1,1,1],"children":[22],"position":[0.162079468369484,-0.0000570678712392692,0.028678435832262],"quat":[-0.115661412477493,-0.0342367626726627,0.210119917988777,0.970206141471863],"uniqueBindPose":[0.1603504717350006,-0.9468716382980347,0.2787863612174988,0,-0.1770867109298706,0.250261515378952,0.9518453478813171,0,-0.971044659614563,-0.20199820399284363,-0.12754885852336884,0,0.616339385509491,0.9586024880409241,-0.11100539565086365,1]},{"name":"Bip001 L Finger31","parent":null,"path":"Bip001/Bip001 Pelvis/Bip001 Spine/Bip001 Spine1/Bip001 Spine2/Bip001 Neck/Bip001 L Clavicle/Bip001 L UpperArm/Bip001 L Forearm/Bip001 L Hand/Bip001 L Finger3/Bip001 L Finger31","scale":[1,1,1],"children":[23],"position":[0.0658636465668678,-3.81469718035987e-8,3.0517577442879e-7],"quat":[-3.60016771949745e-9,-9.57380619226456e-10,0.256994903087616,0.966412782669067],"uniqueBindPose":[-0.06293223053216934,-0.9582891464233398,0.27878573536872864,0,-0.11442194879055023,0.2844253480434418,0.9518455266952515,0,-0.9914368391036987,0.028002560138702393,-0.12754884362220764,0,0.7572082281112671,0.8053434491157532,-0.11100487411022186,1]},{"name":"Bip001 L Finger32","parent":null,"path":"Bip001/Bip001 Pelvis/Bip001 Spine/Bip001 Spine1/Bip001 Spine2/Bip001 Neck/Bip001 L Clavicle/Bip001 L UpperArm/Bip001 L Forearm/Bip001 L Hand/Bip001 L Finger3/Bip001 L Finger31/Bip001 L Finger32","scale":[1,1,1],"position":[0.0579791255295277,-3.0517577442879e-7,-1.52587887214395e-7],"quat":[7.05635327946652e-9,2.39144926084123e-9,0.320974856615067,0.947087705135345],"uniqueBindPose":[-0.2828041613101959,-0.9177690744400024,0.27878621220588684,0,-0.0455557145178318,0.30317503213882446,0.9518454670906067,0,-0.958095133304596,0.25648555159568787,-0.12754879891872406,0,0.8664930462837219,0.6218424439430237,-0.1110052838921547,1]},{"name":"Bip001 L Finger4","parent":null,"path":"Bip001/Bip001 Pelvis/Bip001 Spine/Bip001 Spine1/Bip001 Spine2/Bip001 Neck/Bip001 L Clavicle/Bip001 L UpperArm/Bip001 L Forearm/Bip001 L Hand/Bip001 L Finger4","scale":[1,1,1],"children":[25],"position":[0.153577879071236,0.0139300534501672,0.0637907385826111],"quat":[-0.0835912823677063,-0.0716556385159492,0.253341943025589,0.961090981960297],"uniqueBindPose":[0.14693935215473175,-0.9458073973655701,0.28958073258399963,0,0.029411708936095238,0.2968067526817322,0.9544845223426819,0,-0.9887080192565918,-0.13173428177833557,0.07143042236566544,0,0.6380353569984436,0.8955560922622681,-0.3115972578525543,1]},{"name":"Bip001 L Finger41","parent":null,"path":"Bip001/Bip001 Pelvis/Bip001 Spine/Bip001 Spine1/Bip001 Spine2/Bip001 Neck/Bip001 L Clavicle/Bip001 L UpperArm/Bip001 L Forearm/Bip001 L Hand/Bip001 L Finger4/Bip001 L Finger41","scale":[1,1,1],"children":[26],"position":[0.0489288307726383,0,-3.0517577442879e-7],"quat":[4.01477695533003e-9,1.61690216771149e-8,0.218492239713669,0.975838661193848],"uniqueBindPose":[-0.09119204431772232,-0.952799379825592,0.2895808815956116,0,0.10180110484361649,0.28034961223602295,0.9544844627380371,0,-0.9906160235404968,0.11652103811502457,0.07143040746450424,0,0.7920292615890503,0.7223279476165771,-0.31159737706184387,1]},{"name":"Bip001 L Finger42","parent":null,"path":"Bip001/Bip001 Pelvis/Bip001 Spine/Bip001 Spine1/Bip001 Spine2/Bip001 Neck/Bip001 L Clavicle/Bip001 L UpperArm/Bip001 L Forearm/Bip001 L Hand/Bip001 L Finger4/Bip001 L Finger41/Bip001 L Finger42","scale":[1,1,1],"position":[0.0468182377517223,9.15527323286369e-7,3.0517577442879e-7],"quat":[1.43249092587894e-8,4.10384881632808e-9,0.275404661893845,0.961328387260437],"uniqueBindPose":[-0.30902889370918274,-0.9058939814567566,0.2895807921886444,0,0.163865327835083,0.24921369552612305,0.9544845223426819,0,-0.9368292093276978,0.34241557121276855,0.07143041491508484,0,0.8920343518257141,0.5304446816444397,-0.3115972876548767,1]},{"name":"Bip001 R Clavicle","parent":null,"path":"Bip001/Bip001 Pelvis/Bip001 Spine/Bip001 Spine1/Bip001 Spine2/Bip001 Neck/Bip001 R Clavicle","scale":[1,1,1],"children":[28],"position":[0.0143664544448256,-0.0187387838959694,-0.100101314485073],"quat":[-0.459986388683319,0.166546210646629,0.865499675273895,0.107634574174881],"uniqueBindPose":[-0.8710647225379944,0.1896842122077942,0.4530630111694336,0,0.09018953889608383,0.9685052037239075,-0.23208515346050262,0,-0.48281678557395935,-0.1612996608018875,-0.860738217830658,0,0.6713892817497253,0.12737317383289337,1.4584380388259888,1]},{"name":"Bip001 R UpperArm","parent":null,"path":"Bip001/Bip001 Pelvis/Bip001 Spine/Bip001 Spine1/Bip001 Spine2/Bip001 Neck/Bip001 R Clavicle/Bip001 R UpperArm","scale":[1,1,1],"children":[29],"position":[0.278549194335938,-3.0517577442879e-7,0],"quat":[0.215360730886459,-0.294945985078812,0.212558388710022,0.906336307525635],"uniqueBindPose":[-0.5743793845176697,-0.012022382579743862,0.8185009360313416,0,-0.03230378031730652,0.9994461536407471,-0.007988875731825829,0,-0.8179515600204468,-0.031029321253299713,-0.5744496583938599,0,1.007691740989685,-0.13823625445365906,1.1238490343093872,1]},{"name":"Bip001 R Forearm","parent":null,"path":"Bip001/Bip001 Pelvis/Bip001 Spine/Bip001 Spine1/Bip001 Spine2/Bip001 Neck/Bip001 R Clavicle/Bip001 R UpperArm/Bip001 R Forearm","scale":[1,1,1],"children":[30],"position":[0.354481190443039,1.52587887214395e-7,-1.52587887214395e-7],"quat":[-6.71606592254616e-18,7.951604510411e-18,-0.763964653015137,0.645258069038391],"uniqueBindPose":[-0.5263606309890747,-0.23021897673606873,0.8185008764266968,0,-0.41111496090888977,0.9115484356880188,-0.007988926023244858,0,-0.7442640662193298,-0.34070301055908203,-0.5744497179985046,0,0.6565486192703247,0.12139364331960678,1.1238491535186768,1]},{"name":"Bip001 R Hand","parent":null,"path":"Bip001/Bip001 Pelvis/Bip001 Spine/Bip001 Spine1/Bip001 Spine2/Bip001 Neck/Bip001 R Clavicle/Bip001 R UpperArm/Bip001 R Forearm/Bip001 R Hand","scale":[1,1,1],"children":[31,34,37,40,43,46],"position":[0.367804110050201,1.13686835180517e-15,-1.52587887214395e-7],"quat":[0.660759806632996,-0.0257847383618355,0.118546739220619,0.740728259086609],"uniqueBindPose":[-0.5263606309890747,0.6836474537849426,0.5055398941040039,0,-0.41111496090888977,0.3158160150051117,-0.8551284670829773,0,-0.7442640662193298,-0.6579408645629883,0.11482458561658859,0,0.2887444496154785,1.0938483476638794,0.28507646918296814,1]},{"name":"Bip001 R Finger0","parent":null,"path":"Bip001/Bip001 Pelvis/Bip001 Spine/Bip001 Spine1/Bip001 Spine2/Bip001 Neck/Bip001 R Clavicle/Bip001 R UpperArm/Bip001 R Forearm/Bip001 R Hand/Bip001 R Finger0","scale":[1,1,1],"children":[32],"position":[0.0466328412294388,0.0326591469347477,0.0707757547497749],"quat":[-0.572149455547333,-0.441938996315002,0.118750311434269,0.68061238527298],"uniqueBindPose":[0.3053237795829773,-0.5770465731620789,0.7574923038482666,0,-0.599686861038208,0.5014010071754456,0.6236767172813416,0,-0.7396979928016663,-0.6446815133094788,-0.19295759499073029,0,0.8158261179924011,0.1690557897090912,0.7324709892272949,1]},{"name":"Bip001 R Finger01","parent":null,"path":"Bip001/Bip001 Pelvis/Bip001 Spine/Bip001 Spine1/Bip001 Spine2/Bip001 Neck/Bip001 R Clavicle/Bip001 R UpperArm/Bip001 R Forearm/Bip001 R Hand/Bip001 R Finger0/Bip001 R Finger01","scale":[1,1,1],"children":[33],"position":[0.0515051260590553,1.13686835180517e-15,1.52587887214395e-7],"quat":[0.0120784780010581,-0.0360822230577469,0.346707135438919,0.937201321125031],"uniqueBindPose":[0.31519079208374023,-0.571716845035553,0.757492184638977,0,-0.6082110404968262,0.49102601408958435,0.6236767172813416,0,-0.728515088558197,-0.6572923064231873,-0.19295760989189148,0,0.7613041400909424,0.1821596920490265,0.7324709892272949,1]},{"name":"Bip001 R Finger02","parent":null,"path":"Bip001/Bip001 Pelvis/Bip001 Spine/Bip001 Spine1/Bip001 Spine2/Bip001 Neck/Bip001 R Clavicle/Bip001 R UpperArm/Bip001 R Forearm/Bip001 R Hand/Bip001 R Finger0/Bip001 R Finger01/Bip001 R Finger02","scale":[1,1,1],"position":[0.0519132986664772,0,7.62939436071974e-8],"quat":[0.0164915435016155,-0.0342906042933464,0.461074113845825,0.886545479297638],"uniqueBindPose":[0.1744559407234192,-0.629102885723114,0.7574923038482666,0,-0.47819313406944275,0.618351399898529,0.6236767172813416,0,-0.8607533574104309,-0.47103172540664673,-0.1929575651884079,0,0.7322865128517151,0.013196640647947788,0.7324709892272949,1]},{"name":"Bip001 R Finger1","parent":null,"path":"Bip001/Bip001 Pelvis/Bip001 Spine/Bip001 Spine1/Bip001 Spine2/Bip001 Neck/Bip001 R Clavicle/Bip001 R UpperArm/Bip001 R Forearm/Bip001 R Hand/Bip001 R Finger1","scale":[1,1,1],"children":[35],"position":[0.162231132388115,-0.0000523376438650303,0.0655017048120499],"quat":[-0.0524161234498024,-0.0860315710306168,0.520958125591278,0.84761655330658],"uniqueBindPose":[-0.22319810092449188,0.7680319547653198,0.6002577543258667,0,-0.47305911779403687,0.45307090878486633,-0.7556068897247314,0,-0.8522895574569702,-0.4526074230670929,0.2622000277042389,0,0.44534429907798767,1.0133217573165894,0.18890421092510223,1]},{"name":"Bip001 R Finger11","parent":null,"path":"Bip001/Bip001 Pelvis/Bip001 Spine/Bip001 Spine1/Bip001 Spine2/Bip001 Neck/Bip001 R Clavicle/Bip001 R UpperArm/Bip001 R Forearm/Bip001 R Hand/Bip001 R Finger1/Bip001 R Finger11","scale":[1,1,1],"children":[36],"position":[0.0626965314149857,7.62939436071974e-8,6.10351548857579e-7],"quat":[-3.47359613295239e-10,3.10131725855811e-10,0.745949149131775,0.666002869606018],"uniqueBindPose":[0.1271427571773529,0.7896361947059631,0.6002577543258667,0,-0.23351261019706726,0.6119886040687561,-0.7556068897247314,0,-0.9640054106712341,-0.04409780353307724,0.26219993829727173,0,0.7796705365180969,0.7519004940986633,0.18890424072742462,1]},{"name":"Bip001 R Finger12","parent":null,"path":"Bip001/Bip001 Pelvis/Bip001 Spine/Bip001 Spine1/Bip001 Spine2/Bip001 Neck/Bip001 R Clavicle/Bip001 R UpperArm/Bip001 R Forearm/Bip001 R Hand/Bip001 R Finger1/Bip001 R Finger11/Bip001 R Finger12","scale":[1,1,1],"position":[0.0526964925229549,-2.84217087951293e-16,-6.10351548857579e-7],"quat":[-1.37777833586483e-9,-9.87351311820817e-10,0.336782336235046,0.941582500934601],"uniqueBindPose":[0.15675152838230133,0.7842954993247986,0.6002578735351562,0,-0.21033009886741638,0.6203382015228271,-0.7556068897247314,0,-0.9649819135665894,-0.007809758186340332,0.26219993829727173,0,0.754738986492157,0.7240265011787415,0.18890434503555298,1]},{"name":"Bip001 R Finger2","parent":null,"path":"Bip001/Bip001 Pelvis/Bip001 Spine/Bip001 Spine1/Bip001 Spine2/Bip001 Neck/Bip001 R Clavicle/Bip001 R UpperArm/Bip001 R Forearm/Bip001 R Hand/Bip001 R Finger2","scale":[1,1,1],"children":[38],"position":[0.164306640625,-0.0044351196847856,0.0196832269430161],"quat":[0.00298305274918675,-0.021807599812746,0.546793758869171,0.836977958679199],"uniqueBindPose":[-0.1459367871284485,0.8473503589630127,0.510587751865387,0,-0.24722926318645477,0.46849972009658813,-0.8481661081314087,0,-0.957904040813446,-0.2500109076499939,0.14111846685409546,0,0.6151185035705566,0.9228146076202393,0.24937380850315094,1]},{"name":"Bip001 R Finger21","parent":null,"path":"Bip001/Bip001 Pelvis/Bip001 Spine/Bip001 Spine1/Bip001 Spine2/Bip001 Neck/Bip001 R Clavicle/Bip001 R UpperArm/Bip001 R Forearm/Bip001 R Hand/Bip001 R Finger2/Bip001 R Finger21","scale":[1,1,1],"children":[39],"position":[0.0646476745605469,1.52587887214395e-7,6.10351548857579e-7],"quat":[7.48443707010438e-9,-2.04767562905772e-8,0.643601655960083,0.765360653400421],"uniqueBindPose":[0.05394383892416954,0.8581317663192749,0.5105878114700317,0,-0.13220225274562836,0.5129687786102295,-0.8481660485267639,0,-0.989753782749176,-0.021747533231973648,0.14111846685409546,0,0.7489286661148071,0.7705263495445251,0.2493738830089569,1]},{"name":"Bip001 R Finger22","parent":null,"path":"Bip001/Bip001 Pelvis/Bip001 Spine/Bip001 Spine1/Bip001 Spine2/Bip001 Neck/Bip001 R Clavicle/Bip001 R UpperArm/Bip001 R Forearm/Bip001 R Hand/Bip001 R Finger2/Bip001 R Finger21/Bip001 R Finger22","scale":[1,1,1],"position":[0.0622348003089428,-1.52587887214395e-7,-6.10351548857579e-7],"quat":[-4.36458158503683e-9,6.1097407133559e-9,0.475864440202713,0.879518628120422],"uniqueBindPose":[0.29321572184562683,0.808285117149353,0.510587751865387,0,0.01747192069888115,0.5294422507286072,-0.8481660485267639,0,-0.9558866024017334,0.2576166093349457,0.14111846685409546,0,0.8757529258728027,0.5461829304695129,0.24937380850315094,1]},{"name":"Bip001 R Finger3","parent":null,"path":"Bip001/Bip001 Pelvis/Bip001 Spine/Bip001 Spine1/Bip001 Spine2/Bip001 Neck/Bip001 R Clavicle/Bip001 R UpperArm/Bip001 R Forearm/Bip001 R Hand/Bip001 R Finger3","scale":[1,1,1],"children":[41],"position":[0.162079468369484,-0.0000569152834941633,-0.0286785885691643],"quat":[0.0284653455018997,0.01937410607934,0.501119792461395,0.864692628383636],"uniqueBindPose":[-0.1603500097990036,0.9468709826469421,0.2787887752056122,0,-0.17708712816238403,0.25026392936706543,-0.9518446922302246,0,-0.971044659614563,-0.20199823379516602,0.12754885852336884,0,0.6163393259048462,0.9586023688316345,0.11100520193576813,1]},{"name":"Bip001 R Finger31","parent":null,"path":"Bip001/Bip001 Pelvis/Bip001 Spine/Bip001 Spine1/Bip001 Spine2/Bip001 Neck/Bip001 R Clavicle/Bip001 R UpperArm/Bip001 R Forearm/Bip001 R Hand/Bip001 R Finger3/Bip001 R Finger31","scale":[1,1,1],"children":[42],"position":[0.0658633410930634,5.68434175902586e-16,-1.13686835180517e-15],"quat":[7.96613476505111e-18,6.69882541062903e-18,0.643601655960083,0.765360653400421],"uniqueBindPose":[0.06293249875307083,0.9582883715629578,0.27878814935684204,0,-0.11442174762487411,0.28442779183387756,-0.9518448710441589,0,-0.9914368987083435,0.028002550825476646,0.12754879891872406,0,0.7572082281112671,0.8053433299064636,0.11100468039512634,1]},{"name":"Bip001 R Finger32","parent":null,"path":"Bip001/Bip001 Pelvis/Bip001 Spine/Bip001 Spine1/Bip001 Spine2/Bip001 Neck/Bip001 R Clavicle/Bip001 R UpperArm/Bip001 R Forearm/Bip001 R Hand/Bip001 R Finger3/Bip001 R Finger31/Bip001 R Finger32","scale":[1,1,1],"position":[0.0579798892140388,1.52587887214395e-7,6.10351548857579e-7],"quat":[2.52577669890286e-9,-7.00939395414935e-9,0.339004009962082,0.940784931182861],"uniqueBindPose":[0.2828042805194855,0.9177681803703308,0.27878889441490173,0,-0.045554909855127335,0.3031776249408722,-0.9518446922302246,0,-0.958095133304596,0.2564855217933655,0.12754879891872406,0,0.8664929866790771,0.6218422651290894,0.11100532114505768,1]},{"name":"Bip001 R Finger4","parent":null,"path":"Bip001/Bip001 Pelvis/Bip001 Spine/Bip001 Spine1/Bip001 Spine2/Bip001 Neck/Bip001 R Clavicle/Bip001 R UpperArm/Bip001 R Forearm/Bip001 R Hand/Bip001 R Finger4","scale":[1,1,1],"children":[44],"position":[0.153577879071236,0.0139297479763627,-0.0637908950448036],"quat":[0.0942864418029785,0.117940545082092,0.460065454244614,0.874951362609863],"uniqueBindPose":[-0.1469394862651825,0.9458065629005432,0.2895834147930145,0,0.029411306604743004,0.2968094050884247,-0.954483687877655,0,-0.988707959651947,-0.13173434138298035,-0.07143045216798782,0,0.6380353569984436,0.8955559134483337,0.3115972876548767,1]},{"name":"Bip001 R Finger41","parent":null,"path":"Bip001/Bip001 Pelvis/Bip001 Spine/Bip001 Spine1/Bip001 Spine2/Bip001 Neck/Bip001 R Clavicle/Bip001 R UpperArm/Bip001 R Forearm/Bip001 R Hand/Bip001 R Finger4/Bip001 R Finger41","scale":[1,1,1],"children":[45],"position":[0.0489282198250294,-3.0517577442879e-7,-6.10351548857579e-7],"quat":[-4.97902119533933e-9,7.87054688089484e-9,0.534618318080902,0.845093607902527],"uniqueBindPose":[0.09119167923927307,0.9527985453605652,0.2895839810371399,0,0.10180137306451797,0.28035271167755127,-0.9544834494590759,0,-0.9906161427497864,0.11652101576328278,-0.07143037766218185,0,0.7920292019844055,0.722327709197998,0.3115977346897125,1]},{"name":"Bip001 R Finger42","parent":null,"path":"Bip001/Bip001 Pelvis/Bip001 Spine/Bip001 Spine1/Bip001 Spine2/Bip001 Neck/Bip001 R Clavicle/Bip001 R UpperArm/Bip001 R Forearm/Bip001 R Hand/Bip001 R Finger4/Bip001 R Finger41/Bip001 R Finger42","scale":[1,1,1],"position":[0.0468185432255268,1.52587887214395e-7,1.13686835180517e-15],"quat":[-1.34732420775663e-8,-6.36524610797551e-9,0.427164435386658,0.904173970222473],"uniqueBindPose":[0.30902835726737976,0.9058932065963745,0.2895835041999817,0,0.16386619210243225,0.24921628832817078,-0.954483687877655,0,-0.9368292689323425,0.342415452003479,-0.07143040001392365,0,0.8920342922210693,0.5304445028305054,0.3115973174571991,1]},{"name":"wp_Dummy","parent":null,"path":"Bip001/Bip001 Pelvis/Bip001 Spine/Bip001 Spine1/Bip001 Spine2/Bip001 Neck/Bip001 R Clavicle/Bip001 R UpperArm/Bip001 R Forearm/Bip001 R Hand/wp_Dummy","scale":[1,1,1],"position":[0.139677122235298,0.0487869270145893,0.0320214852690697],"quat":[0.707106828689575,-1.15903787900606e-7,-7.37569365583113e-8,0.707106709480286],"uniqueBindPose":[0.9999997615814209,-1.1920923981278975e-7,5.960464477539063e-8,0,5.9604616353681195e-8,-2.3841853646899835e-7,-0.9999997615814209,0,1.1920923270736239e-7,1,-2.3841846541472478e-7,0,0.621515154838562,-0.5595320463180542,1.0375597476959229,1]},{"name":"Bip001 Head","parent":null,"path":"Bip001/Bip001 Pelvis/Bip001 Spine/Bip001 Spine1/Bip001 Spine2/Bip001 Neck/Bip001 Head","scale":[1,1,1],"children":[48,51,54],"position":[0.0915985107421875,1.52587887214395e-7,0],"quat":[-0.000502624025102705,0.000881175568792969,-0.317960053682327,0.948103547096252],"uniqueBindPose":[1.3546005561693164e-7,-0.0000014094015341470367,1,0,-0.09880778193473816,-0.9951066374778748,-0.0000013891202570448513,0,0.99510657787323,-0.09880778193473816,-2.740570437254064e-7,0,-1.6510157585144043,0.27775436639785767,6.406672810044256e-7,1]},{"name":"Bone038","parent":null,"path":"Bip001/Bip001 Pelvis/Bip001 Spine/Bip001 Spine1/Bip001 Spine2/Bip001 Neck/Bip001 Head/Bone038","scale":[1,1,1],"children":[49],"position":[0.158033445477486,-0.0987655594944954,-3.0517577442879e-7],"quat":[-0.277745813131332,0.960654616355896,2.20080750068519e-7,-7.70814096995309e-8],"uniqueBindPose":[1.929949888790361e-7,-4.1980055698331853e-7,-1,0,0.4261128902435303,-0.9046700596809387,4.6201856207517267e-7,0,-0.904670000076294,-0.42611292004585266,4.285624743971539e-9,0,1.5787525177001953,0.9601911902427673,3.6657059609979115e-8,1]},{"name":"Bone039","parent":null,"path":"Bip001/Bip001 Pelvis/Bip001 Spine/Bip001 Spine1/Bip001 Spine2/Bip001 Neck/Bip001 Head/Bone038/Bone039","scale":[1,1,1],"children":[50],"position":[0.162688598036766,0,5.68434175902586e-16],"quat":[-0.000266563205514103,0.00547805149108171,-0.0637179687619209,0.997952878475189],"uniqueBindPose":[2.4810159970911627e-7,8.706139453806827e-8,-1,0,0.5447734594345093,-0.8385834097862244,6.215090309069637e-8,0,-0.8385834097862244,-0.544773519039154,-2.5548257553964504e-7,0,1.2728875875473022,1.1432238817214966,5.704968657482823e-7,1]},{"name":"Bone040","parent":null,"path":"Bip001/Bip001 Pelvis/Bip001 Spine/Bip001 Spine1/Bip001 Spine2/Bip001 Neck/Bip001 Head/Bone038/Bone039/Bone040","scale":[1,1,1],"position":[0.174240112304688,-0.00000228881822295079,5.68434175902586e-16],"quat":[-0.0103120813146234,0.00497753731906414,0.214636638760567,0.976626873016357],"uniqueBindPose":[2.5867456088235485e-7,-4.713171009029793e-8,-1,0,0.05836610123515129,-0.9982953667640686,6.214918357727583e-8,0,-0.998295247554779,-0.05836610496044159,-2.5548268922648276e-7,0,1.5204524993896484,0.44968563318252563,5.455544851429295e-7,1]},{"name":"Bone080(mirrored)","parent":null,"path":"Bip001/Bip001 Pelvis/Bip001 Spine/Bip001 Spine1/Bip001 Spine2/Bip001 Neck/Bip001 Head/Bone080(mirrored)","scale":[1,1,1],"children":[52],"position":[0.046269528567791,0.158845826983452,-0.0579995699226856],"quat":[-0.137915521860123,0.71637749671936,0.683149814605713,0.0329983085393906],"uniqueBindPose":[-0.31125912070274353,0.9486833810806274,-0.055834025144577026,0,0.17656560242176056,9.034673666974413e-7,-0.98428875207901,0,-0.9337784647941589,-0.3162272870540619,-0.1675051599740982,0,1.5787687301635742,0.5928400158882141,0.23304027318954468,1]},{"name":"Bone081(mirrored)","parent":null,"path":"Bip001/Bip001 Pelvis/Bip001 Spine/Bip001 Spine1/Bip001 Spine2/Bip001 Neck/Bip001 Head/Bone080(mirrored)/Bone081(mirrored)","scale":[1,1,1],"children":[53],"position":[0.0845983847975731,3.0517577442879e-7,3.0517577442879e-7],"quat":[0.0790883228182793,-0.127563551068306,0.299528181552887,0.942207753658295],"uniqueBindPose":[0.3665095567703247,0.8955498933792114,-0.25231096148490906,0,-0.2459644079208374,-0.16827392578125,-0.9545602798461914,0,-0.8973138928413391,0.4119148850440979,0.15859943628311157,0,1.4776394367218018,-0.5982875823974609,-0.31135937571525574,1]},{"name":"Bone082(mirrored)","parent":null,"path":"Bip001/Bip001 Pelvis/Bip001 Spine/Bip001 Spine1/Bip001 Spine2/Bip001 Neck/Bip001 Head/Bone080(mirrored)/Bone081(mirrored)/Bone082(mirrored)","scale":[1,1,1],"position":[0.053423460572958,0,6.10351548857579e-7],"quat":[-0.0767363607883453,-0.16044183075428,0.0475348569452763,0.982909142971039],"uniqueBindPose":[0.380094975233078,0.8673133850097656,-0.3213956356048584,0,-0.6263167262077332,-0.01435193233191967,-0.7794362306594849,0,-0.6806281805038452,0.4975554943084717,0.5377576947212219,0,1.0659794807434082,-0.7275726795196533,-0.9042171239852905,1]},{"name":"Bone080","parent":null,"path":"Bip001/Bip001 Pelvis/Bip001 Spine/Bip001 Spine1/Bip001 Spine2/Bip001 Neck/Bip001 Head/Bone080","scale":[1,1,1],"children":[55],"position":[0.0462692268192768,0.158845216035843,0.0580035373568535],"quat":[0.0476776771247387,0.679356813430786,0.716169476509094,-0.152651399374008],"uniqueBindPose":[0.31125885248184204,0.948683500289917,0.05583444982767105,0,0.1765657514333725,-4.4894414941154537e-7,-0.9842889308929443,0,-0.9337786436080933,0.3162270486354828,-0.1675051599740982,0,1.5787681341171265,-0.592843234539032,0.23304007947444916,1]},{"name":"Bone081","parent":null,"path":"Bip001/Bip001 Pelvis/Bip001 Spine/Bip001 Spine1/Bip001 Spine2/Bip001 Neck/Bip001 Head/Bone080/Bone081","scale":[1,1,1],"children":[56],"position":[0.084598995745182,0,-3.0517577442879e-7],"quat":[-0.315142810344696,-0.475841164588928,-0.140227749943733,0.80907130241394],"uniqueBindPose":[-0.3665096163749695,0.8955500721931458,0.2523110508918762,0,-0.24596461653709412,0.16827392578125,-0.9545602202415466,0,-0.8973138928413391,-0.4119151532649994,0.1585996150970459,0,1.4776411056518555,0.5982846617698669,-0.31136053800582886,1]},{"name":"Bone082","parent":null,"path":"Bip001/Bip001 Pelvis/Bip001 Spine/Bip001 Spine1/Bip001 Spine2/Bip001 Neck/Bip001 Head/Bone080/Bone081/Bone082","scale":[1,1,1],"position":[0.0534236133098602,7.62939436071974e-8,-1.13686835180517e-15],"quat":[0.028193224221468,-0.158394798636436,-0.0557539463043213,0.985397219657898],"uniqueBindPose":[-0.380094975233078,0.8673129677772522,0.32139647006988525,0,-0.6263167262077332,0.014352560974657536,-0.779436469078064,0,-0.6806281805038452,-0.4975559115409851,0.5377575159072876,0,1.065981149673462,0.7275701761245728,-0.9042180180549622,1]},{"name":"Bone061","parent":null,"path":"Bip001/Bip001 Pelvis/Bone061","scale":[1,1,1],"children":[58],"position":[0.130141600966454,-0.0439407341182232,-0.253502488136292],"quat":[-0.263296663761139,0.92564195394516,-0.236478686332703,0.133939191699028]},{"name":"Bone062","parent":null,"path":"Bip001/Bip001 Pelvis/Bone061/Bone062","scale":[1,1,1],"children":[59],"position":[0.340657353401184,-6.10351548857579e-7,-7.62939436071974e-8],"quat":[-0.00991320516914129,0.181967705488205,0.0342807695269585,0.98265677690506]},{"name":"Bone063","parent":null,"path":"Bip001/Bip001 Pelvis/Bone061/Bone062/Bone063","scale":[1,1,1],"position":[0.290393680334091,-3.0517577442879e-7,0],"quat":[-0.00958578661084175,0.109795086085796,-0.0137385316193104,0.993813037872314]},{"name":"Bone061(mirrored)","parent":null,"path":"Bip001/Bip001 Pelvis/Bone061(mirrored)","scale":[1,1,1],"children":[61],"position":[0.130142211914062,-0.043939970433712,0.253500372171402],"quat":[0.133939310908318,-0.236475631594658,0.925642728805542,-0.263296544551849]},{"name":"Bone062(mirrored)","parent":null,"path":"Bip001/Bip001 Pelvis/Bone061(mirrored)/Bone062(mirrored)","scale":[1,1,1],"children":[62],"position":[0.340656727552414,-1.06581407981735e-16,-3.0517577442879e-7],"quat":[0.00991322472691536,0.181967660784721,-0.0342807620763779,0.98265677690506]},{"name":"Bone063(mirrored)","parent":null,"path":"Bip001/Bip001 Pelvis/Bone061(mirrored)/Bone062(mirrored)/Bone063(mirrored)","scale":[1,1,1],"position":[0.290393680334091,-3.0517577442879e-7,-4.57763661643185e-7],"quat":[0.00958583224564791,0.109795048832893,0.013738414272666,0.993813097476959]},{"name":"Bone001","parent":null,"path":"Bip001/Bone001","scale":[1,1,1],"children":[64,74,76,78],"position":[-0.0303979478776455,3.0517577442879e-7,-0.144549563527107],"quat":[-0.478034019470215,-0.521040797233582,0.521041035652161,-0.478033691644669],"uniqueBindPose":[2.4831706468830816e-7,7.682643143880341e-8,-1.0000001192092896,0,0.4628966152667999,-0.8864122033119202,4.684522991738049e-8,0,-0.8864123225212097,-0.46289652585983276,-2.5567402417436824e-7,0,0.4361506998538971,0.37584158778190613,1.974294150386413e-7,1]},{"name":"Bone002","parent":null,"path":"Bip001/Bone001/Bone002","scale":[1,1,1],"children":[65],"position":[0.357207626104355,7.62939436071974e-8,3.0517577442879e-7],"quat":[-0.000832571415230632,0.0452082864940166,0.018394473940134,0.998807847499847],"uniqueBindPose":[2.4577693125138467e-7,8.460114742092628e-8,-1.0000001192092896,0,0.49055659770965576,-0.8714090585708618,4.6845286760799354e-8,0,-0.8714091181755066,-0.4905565083026886,-2.5567405259607767e-7,0,0.06707868725061417,0.37813910841941833,1.7552088138472755e-7,1]},{"name":"Bone003","parent":null,"path":"Bip001/Bone001/Bone002/Bone003","scale":[0.999998986721039,1,1],"children":[66,71,72,73],"position":[0.325776964426041,-4.57763661643185e-7,3.0517577442879e-7],"quat":[-0.00112543278373778,0.045201949775219,0.0248646922409534,0.99866771697998],"uniqueBindPose":[2.5527924663037993e-7,7.585803274423597e-8,-1.0000001192092896,0,0.4594387710094452,-0.8882096409797668,4.990729252085657e-8,0,-0.8882098197937012,-0.45943865180015564,-2.615935272842762e-7,0,-0.24516630172729492,0.3870502710342407,1.543706815709811e-7,1]},{"name":"Bone004","parent":null,"path":"Bip001/Bone001/Bone002/Bone003/Bone004","scale":[1,1,1],"children":[67,69],"position":[0.399365842342377,0,-3.0517577442879e-7],"quat":[-0.000784430769272149,0.0452091246843338,0.0173075757920742,0.998827278614044],"uniqueBindPose":[2.5502566813884187e-7,0.0000021949856545688817,-1.0000001192092896,0,0.46238890290260315,-0.8866774439811707,-0.0000018283226381754503,0,-0.886677622795105,-0.46238887310028076,-0.0000012410617955538328,0,-0.6458155512809753,0.38490554690361023,9.459405987399805e-7,1]},{"name":"Bone009","parent":null,"path":"Bip001/Bone001/Bone002/Bone003/Bone004/Bone009","scale":[1,1,1],"children":[68],"position":[0.523147583007812,0.00320007326081395,-1.13686835180517e-15],"quat":[-0.154629707336426,0.29730436205864,0.819390654563904,0.465079307556152],"uniqueBindPose":[-1.9471534074000374e-7,-3.1970446912055195e-7,-1.0000001192092896,0,-0.5764790177345276,-0.8171118497848511,3.7348368664424925e-7,0,-0.8171117901802063,0.5764790773391724,-2.519872488448982e-8,0,-0.19600816071033478,1.213982105255127,3.152002037154489e-8,1]},{"name":"Bone010","parent":null,"path":"Bip001/Bone001/Bone002/Bone003/Bone004/Bone009/Bone010","scale":[1,1,1],"position":[0.453602284193039,-3.0517577442879