[1,["39j84wFNxJGo3N7z9eewd4"],["_model"],[["cc.BufferRange",["length","offset"],1],["cc.Mesh",["_native","_vertexBundles","_primitives","_minPos","_maxPos"],2,9,9,5,5],["cc.mesh.VertexBundle",["verticesCount","data","formats"],2,4,9],["cc.mesh.VertexFormat",["name","type","num"],0],["cc.mesh.Primitive",["vertexBundleIndices","data"],2,4],["cc.Model",["_name","_nodes"],1],["cc.Skeleton",["_skinIndex","_jointIndices"],1]],[[3,0,1,2,4],[1,0,1,2,3,4,2],[2,0,1,2,2],[0,0,2],[0,1,0,3],[4,0,1,2],[6,0,1,3],[5,0,1,3]],[[[[1,".bin",[[2,3222,[3,231984],[[0,"a_color0",5126,4],[0,"a_joints",5123,4],[0,"a_normal",5126,3],[0,"a_position",5126,3],[0,"a_uv0",5126,2],[0,"a_weights",5126,4]]]],[[5,[0],[4,231984,25776]]],[1,-0.143734097480774,-0.247977092862129,-0.198620602488518],[1,0.143734097480774,6.18294286727905,0.481292724609375]],-1],0,0,[],[],[]],[[[7,"TDEX_demo01",[{"name":"RootNode","path":"","scale":[1,1,1],"children":[1,152,318,319,320,321],"position":[0,0,0],"quat":[0,0,0,1]},{"name":"Dragon_Root","parent":null,"path":"Dragon_Root","scale":[1,1,1],"children":[2],"position":[0,0,0],"quat":[-0.70710676908493,0,0,0.70710676908493]},{"name":"Move","parent":null,"path":"Dragon_Root/Move","scale":[1,1,1],"children":[3],"position":[-6.77542781829834,1.64189326763153,6.38121509552002],"quat":[0.686005234718323,-0.253915697336197,0.274036645889282,0.6243616938591]},{"name":"Dargon_Ctrl_Spring","parent":null,"path":"Dragon_Root/Move/Dargon_Ctrl_Spring","scale":[1,1,1],"children":[4,114],"position":[3.0517577442879e-7,-0.182741090655327,0],"quat":[0.966495454311371,-0.000340938684530556,0.256681144237518,-0.00107657164335251]},{"name":"Dargon_Ctl_Neck","parent":null,"path":"Dragon_Root/Move/Dargon_Ctrl_Spring/Dargon_Ctl_Neck","scale":[1,1,1],"children":[5,7],"position":[0.0000427246086474042,0.0189587399363518,0.162788689136505],"quat":[-0.0183495581150055,0.705698668956757,0.708152651786804,0.0131321661174297]},{"name":"Point001","parent":null,"path":"Dragon_Root/Move/Dargon_Ctrl_Spring/Dargon_Ctl_Neck/Point001","scale":[1,1,1],"children":[6],"position":[0,-1.52587887214395e-7,0],"quat":[1.73855752905183e-7,0.707106828689575,0.70710676908493,-1.00098780819735e-7]},{"name":"Point008","parent":null,"path":"Dragon_Root/Move/Dargon_Ctrl_Spring/Dargon_Ctl_Neck/Point001/Point008","scale":[1,1,1],"position":[-6.10351548857579e-7,-1.13686835180517e-15,0.359632402658463],"quat":[1.49012144845528e-8,1.1175870184843e-7,-4.76837158203125e-7,1]},{"name":"Dargon_Ctl_Head","parent":null,"path":"Dragon_Root/Move/Dargon_Ctrl_Spring/Dargon_Ctl_Neck/Dargon_Ctl_Head","scale":[1,1,1],"children":[8,9,109,110,111],"position":[-0.0239471439272165,-0.0420799255371094,-0.00676147453486919],"quat":[1.63912787343179e-7,1.19209303761636e-7,1,6.70552040560324e-8]},{"name":"Dargon_Ctl_Jaw","parent":null,"path":"Dragon_Root/Move/Dargon_Ctrl_Spring/Dargon_Ctl_Neck/Dargon_Ctl_Head/Dargon_Ctl_Jaw","scale":[1,1,1],"position":[-6.10351548857579e-7,0.0415148921310902,-0.0149218747392297],"quat":[0.783923804759979,-9.25149201691511e-9,1.16813758666012e-8,0.620857059955597]},{"name":"Dragon_Bone_Head","parent":null,"path":"Dragon_Root/Move/Dargon_Ctrl_Spring/Dargon_Ctl_Neck/Dargon_Ctl_Head/Dragon_Bone_Head","scale":[1.00000095367432,1.00000095367432,1.00000095367432],"children":[10,19,38,43,48,57,64,71,76,85,91,97,99,101,103,105,107],"position":[-6.10351548857579e-7,0.00259658810682595,0.0488183572888374],"quat":[0.707106947898865,-4.10931392025304e-7,-0.707106590270996,-4.10931562555561e-7],"uniqueBindPose":[4.1274992668149935e-7,-0.0000011697397894749884,-0.9999992847442627,0,-0.9999995827674866,-4.827489861851386e-13,-4.127497845729522e-7,0,6.123231615947879e-17,0.9999995231628418,-0.0000011697394484144752,0,-0.16309690475463867,-0.0003629110287874937,-5.175763817533152e-7,1]},{"name":"Bone016","parent":null,"path":"Dragon_Root/Move/Dargon_Ctrl_Spring/Dargon_Ctl_Neck/Dargon_Ctl_Head/Dragon_Bone_Head/Bone016","scale":[1,1,1],"children":[11,15],"position":[0.596580803394318,-1.52587887214395e-7,3.0517577442879e-7],"quat":[-6.70552324777418e-8,7.45057988638109e-8,5.02375918642883e-15,1]},{"name":"connectBone001","parent":null,"path":"Dragon_Root/Move/Dargon_Ctrl_Spring/Dargon_Ctl_Neck/Dargon_Ctl_Head/Dragon_Bone_Head/Bone016/connectBone001","scale":[1,1,0.999998986721039],"children":[12],"position":[0.0500012189149857,2.84217087951293e-16,-5.68434175902586e-16],"quat":[0.0462325252592564,-0.0462599210441113,0.984060525894165,0.165370613336563]},{"name":"Dragon_Bone_Eyeblows_1_R","parent":null,"path":"Dragon_Root/Move/Dargon_Ctrl_Spring/Dargon_Ctl_Neck/Dargon_Ctl_Head/Dragon_Bone_Head/Bone016/connectBone001/Dragon_Bone_Eyeblows_1_R","scale":[1,1,1],"children":[13],"position":[0.324999988079071,-0.00872192345559597,0.0117785641923547],"quat":[0.00100862293038517,-0.277079999446869,-0.140161439776421,0.950568497180939],"uniqueBindPose":[-0.6280027031898499,-0.0343937948346138,-0.7774500250816345,0,0.6316636204719543,0.5609923601150513,-0.5350584387779236,0,0.45454642176628113,-0.8271054625511169,-0.33057960867881775,0,0.2705073058605194,0.3752049505710602,-0.2758897542953491,1]},{"name":"Dragon_Bone_Eyeblows_2_R","parent":null,"path":"Dragon_Root/Move/Dargon_Ctrl_Spring/Dargon_Ctl_Neck/Dargon_Ctl_Head/Dragon_Bone_Head/Bone016/connectBone001/Dragon_Bone_Eyeblows_1_R/Dragon_Bone_Eyeblows_2_R","scale":[1,1,1],"children":[14],"position":[0.0601477026939392,0,0],"quat":[0.0335481688380241,0.119277872145176,-0.00746936490759254,0.99226588010788],"uniqueBindPose":[-0.4254082441329956,-0.09902282804250717,-0.8995672464370728,0,0.73671555519104,0.5394159555435181,-0.4077734351158142,0,0.5256199240684509,-0.8361958265304565,-0.1565205156803131,0,0.2672358453273773,0.3612437844276428,-0.24337831139564514,1]},{"name":"Bone076","parent":null,"path":"Dragon_Root/Move/Dargon_Ctrl_Spring/Dargon_Ctl_Neck/Dargon_Ctl_Head/Dragon_Bone_Head/Bone016/connectBone001/Dragon_Bone_Eyeblows_1_R/Dragon_Bone_Eyeblows_2_R/Bone076","scale":[1,1,1],"position":[0.0670178234577179,6.10351548857579e-7,0],"quat":[1.33226773542931e-15,-1.49011611938477e-8,8.94069742685133e-8,1]},{"name":"connectBone002","parent":null,"path":"Dragon_Root/Move/Dargon_Ctrl_Spring/Dargon_Ctl_Neck/Dargon_Ctl_Head/Dragon_Bone_Head/Bone016/connectBone002","scale":[0.999998986721039,1,0.999998986721039],"children":[16],"position":[0.0500012189149857,2.84217087951293e-16,-5.68434175902586e-16],"quat":[-0.0493599437177181,0.00819197203963995,0.985271215438843,0.163514986634254]},{"name":"Dragon_Bone_Eyeblows_1_L","parent":null,"path":"Dragon_Root/Move/Dargon_Ctrl_Spring/Dargon_Ctl_Neck/Dargon_Ctl_Head/Dragon_Bone_Head/Bone016/connectBone002/Dragon_Bone_Eyeblows_1_L","scale":[1,1,1],"children":[17],"position":[0.297929674386978,-0.0129449460655451,0.0082617187872529],"quat":[0.0348155423998833,0.285250931978226,-0.129608944058418,0.949010729789734],"uniqueBindPose":[0.6280025243759155,0.034394025802612305,-0.7774503827095032,0,0.6316636800765991,0.5609930753707886,0.5350581407546997,0,0.45454713702201843,-0.8271055221557617,0.33057963848114014,0,0.2717090845108032,0.3752712607383728,0.27440187335014343,1]},{"name":"Dragon_Bone_Eyeblows_2_L","parent":null,"path":"Dragon_Root/Move/Dargon_Ctrl_Spring/Dargon_Ctl_Neck/Dargon_Ctl_Head/Dragon_Bone_Head/Bone016/connectBone002/Dragon_Bone_Eyeblows_1_L/Dragon_Bone_Eyeblows_2_L","scale":[1,1,1],"children":[18],"position":[0.0601477026939392,0,-3.0517577442879e-7],"quat":[-0.0335480608046055,-0.119277879595757,-0.0074693295173347,0.99226588010788],"uniqueBindPose":[0.4254078269004822,0.09902273863554001,-0.8995674848556519,0,0.7367156744003296,0.5394169092178345,0.4077726900577545,0,0.5256208181381226,-0.8361958861351013,0.15652057528495789,0,0.2680499851703644,0.361433744430542,0.24165652692317963,1]},{"name":"Bone076(mirrored)","parent":null,"path":"Dragon_Root/Move/Dargon_Ctrl_Spring/Dargon_Ctl_Neck/Dargon_Ctl_Head/Dragon_Bone_Head/Bone016/connectBone002/Dragon_Bone_Eyeblows_1_L/Dragon_Bone_Eyeblows_2_L/Bone076(mirrored)","scale":[1,1,1],"position":[0.0670172125101089,0,-5.68434175902586e-16],"quat":[2.38418564890708e-7,4.76837158203125e-7,9.8720079222403e-8,1]},{"name":"Dragon_Bone_Jaw_0","parent":null,"path":"Dragon_Root/Move/Dargon_Ctrl_Spring/Dargon_Ctl_Neck/Dargon_Ctl_Head/Dragon_Bone_Head/Dragon_Bone_Jaw_0","scale":[1,1,1],"children":[20],"position":[0,0,0],"quat":[-8.29508994826256e-9,2.5550665583296e-8,-0.270666003227234,0.962673306465149]},{"name":"Dragon_Bone_Jaw_1","parent":null,"path":"Dragon_Root/Move/Dargon_Ctrl_Spring/Dargon_Ctl_Neck/Dargon_Ctl_Head/Dragon_Bone_Head/Dragon_Bone_Jaw_0/Dragon_Bone_Jaw_1","scale":[1,1,1],"children":[21,22,27,30,34],"position":[0.074681393802166,0,-5.68434175902586e-16],"quat":[-4.47201131237307e-7,-1.30187473246224e-7,0.154344007372856,0.988017141819],"uniqueBindPose":[3.91155481338501e-7,-1.736856489742422e-7,-0.9999995827674866,0,-0.9177005290985107,-0.3972724378108978,-2.8996294076932827e-7,0,-0.39727264642715454,0.9177001118659973,-3.1478677442464686e-7,0,-0.2234848290681839,-0.0547332763671875,-4.6236945649980044e-7,1]},{"name":"Bone070","parent":null,"path":"Dragon_Root/Move/Dargon_Ctrl_Spring/Dargon_Ctl_Neck/Dargon_Ctl_Head/Dragon_Bone_Head/Dragon_Bone_Jaw_0/Dragon_Bone_Jaw_1/Bone070","scale":[1,1,1],"position":[0.425830066204071,3.0517577442879e-7,-3.0517577442879e-7],"quat":[2.9802325940409e-8,4.44089315729181e-16,1.49011629702045e-8,1]},{"name":"Dragon_Bone_Tongue_1","parent":null,"path":"Dragon_Root/Move/Dargon_Ctrl_Spring/Dargon_Ctl_Neck/Dargon_Ctl_Head/Dragon_Bone_Head/Dragon_Bone_Jaw_0/Dragon_Bone_Jaw_1/Dragon_Bone_Tongue_1","scale":[1,1,1],"children":[23],"position":[-0.0506109595298767,0.0232339464128017,-6.10351548857579e-7],"quat":[-0.00000295333256872254,0.00000138250277359475,0.0625830590724945,0.998039782047272],"uniqueBindPose":[0.000003536654503477621,0.0000055006298680382315,-0.9999995827674866,0,-0.9601392149925232,-0.2795204818248749,-0.000004933223863190506,0,-0.27952060103416443,0.9601386785507202,0.000004292807261663256,0,-0.181258887052536,-0.05576082691550255,-0.0000010078156265080906,1]},{"name":"Dragon_Bone_Tongue_2","parent":null,"path":"Dragon_Root/Move/Dargon_Ctrl_Spring/Dargon_Ctl_Neck/Dargon_Ctl_Head/Dragon_Bone_Head/Dragon_Bone_Jaw_0/Dragon_Bone_Jaw_1/Dragon_Bone_Tongue_1/Dragon_Bone_Tongue_2","scale":[1,1,1],"children":[24],"position":[0.0854565426707268,0,-5.68434175902586e-16],"quat":[-0.00000288421711047704,1.97606169649589e-7,-0.058064442127943,0.998312830924988],"uniqueBindPose":[0.0000028757860945916036,0.000011595886462600902,-0.9999995827674866,0,-0.9212592840194702,-0.3889474868774414,-0.000007159543201851193,0,-0.38894763588905334,0.9212589263916016,0.000009564298125042114,0,-0.2584521770477295,-0.08630595356225967,-0.0000015018646308817551,1]},{"name":"Dragon_Bone_Tongue_3","parent":null,"path":"Dragon_Root/Move/Dargon_Ctrl_Spring/Dargon_Ctl_Neck/Dargon_Ctl_Head/Dragon_Bone_Head/Dragon_Bone_Jaw_0/Dragon_Bone_Jaw_1/Dragon_Bone_Tongue_1/Dragon_Bone_Tongue_2/Dragon_Bone_Tongue_3","scale":[1,1,1],"children":[25],"position":[0.116407468914986,0,6.10351548857579e-7],"quat":[-0.0000022223887299333,-0.00000102522471934208,-0.0694954097270966,0.997582256793976],"uniqueBindPose":[-0.000001143149006566091,0.000016174662960111164,-0.9999995827674866,0,-0.8584312200546265,-0.5129275918006897,-0.000007315125913009979,0,-0.512927770614624,0.8584309220314026,0.000014471202121058013,0,-0.35927167534828186,-0.13744835555553436,-0.0000012292207429709379,1]},{"name":"Dragon_Bone_Tongue_4","parent":null,"path":"Dragon_Root/Move/Dargon_Ctrl_Spring/Dargon_Ctl_Neck/Dargon_Ctl_Head/Dragon_Bone_Head/Dragon_Bone_Jaw_0/Dragon_Bone_Jaw_1/Dragon_Bone_Tongue_1/Dragon_Bone_Tongue_2/Dragon_Bone_Tongue_3/Dragon_Bone_Tongue_4","scale":[1,1,1],"children":[26],"position":[0.133372187614441,-6.10351548857579e-7,6.10351548857579e-7],"quat":[2.10671835532139e-8,0.0000019009348761756,0.145813092589378,0.989312171936035],"uniqueBindPose":[0.0000073981777859444264,0.000015122520380828064,-0.9999995827674866,0,-0.9699127078056335,-0.24345090985298157,-0.000010857187589863315,0,-0.24345101416110992,0.9699122309684753,0.00001286644419451477,0,-0.5113502740859985,0.010528701357543468,-0.0000032071766327135265,1]},{"name":"Bone021","parent":null,"path":"Dragon_Root/Move/Dargon_Ctrl_Spring/Dargon_Ctl_Neck/Dargon_Ctl_Head/Dragon_Bone_Head/Dragon_Bone_Jaw_0/Dragon_Bone_Jaw_1/Dragon_Bone_Tongue_1/Dragon_Bone_Tongue_2/Dragon_Bone_Tongue_3/Dragon_Bone_Tongue_4/Bone021","scale":[1,1,1],"position":[0.0799029543995857,0,-2.84217087951293e-16],"quat":[-0.00000150053949710127,-5.12220708515088e-7,-0.0462992787361145,0.998927593231201]},{"name":"Dragon_Bone_whiskers_1","parent":null,"path":"Dragon_Root/Move/Dargon_Ctrl_Spring/Dargon_Ctl_Neck/Dargon_Ctl_Head/Dragon_Bone_Head/Dragon_Bone_Jaw_0/Dragon_Bone_Jaw_1/Dragon_Bone_whiskers_1","scale":[0.999998986721039,1,1],"children":[28],"position":[0.412923574447632,0.022103575989604,-2.84217087951293e-16],"quat":[-0.535308241844177,0.462002247571945,-0.462001502513885,0.535307049751282],"uniqueBindPose":[-9.072638817997358e-8,1,0.000002321627107448876,0,0.2588191628456116,0.000002266001501993742,-0.9659256339073181,0,-0.9659256339073181,5.132467890689441e-7,-0.2588191628456116,0,-0.017042987048625946,0.0000015223424725263612,-0.640803337097168,1]},{"name":"Dragon_Bone_whiskers_2","parent":null,"path":"Dragon_Root/Move/Dargon_Ctrl_Spring/Dargon_Ctl_Neck/Dargon_Ctl_Head/Dragon_Bone_Head/Dragon_Bone_Jaw_0/Dragon_Bone_Jaw_1/Dragon_Bone_whiskers_1/Dragon_Bone_whiskers_2","scale":[1,1,1],"children":[29],"position":[0.108142390847206,0,0],"quat":[6.05364434136391e-8,-0.212177649140358,-2.10460027183501e-9,0.977231085300446],"uniqueBindPose":[8.892763503354217e-7,1,0.0000021289190499373944,0,-0.16504739224910736,0.000002246495114377467,-0.9862855076789856,0,-0.9862854480743408,5.257080033516104e-7,0.16504740715026855,0,-0.37965086102485657,0.0000015144740928008105,-0.5311926603317261,1]},{"name":"Bone086","parent":null,"path":"Dragon_Root/Move/Dargon_Ctrl_Spring/Dargon_Ctl_Neck/Dargon_Ctl_Head/Dragon_Bone_Head/Dragon_Bone_Jaw_0/Dragon_Bone_Jaw_1/Dragon_Bone_whiskers_1/Dragon_Bone_whiskers_2/Bone086","scale":[1,1,1],"position":[0.0971414148807526,6.10351548857579e-7,0],"quat":[-0.00000180125050519564,-0.0597185790538788,0.00000158094746893767,0.99821525812149]},{"name":"Dragon_Bone_whiskers2_1_R","parent":null,"path":"Dragon_Root/Move/Dargon_Ctrl_Spring/Dargon_Ctl_Neck/Dargon_Ctl_Head/Dragon_Bone_Head/Dragon_Bone_Jaw_0/Dragon_Bone_Jaw_1/Dragon_Bone_whiskers2_1_R","scale":[0.999998986721039,1,0.999998986721039],"children":[31],"position":[0.171672359108925,0.0280599966645241,0.117863766849041],"quat":[-0.2631716132164,-0.218445375561714,-0.723059177398682,0.600173115730286],"uniqueBindPose":[-0.642787516117096,-2.2844430702662066e-7,-0.7660446166992188,0,0.4285799562931061,-0.8288496732711792,-0.3596208393573761,0,-0.6349359750747681,-0.5594709515571594,0.5327743887901306,0,0.042319826781749725,-0.37315303087234497,-0.1893717348575592,1]},{"name":"Dragon_Bone_whiskers2_2_R","parent":null,"path":"Dragon_Root/Move/Dargon_Ctrl_Spring/Dargon_Ctl_Neck/Dargon_Ctl_Head/Dragon_Bone_Head/Dragon_Bone_Jaw_0/Dragon_Bone_Jaw_1/Dragon_Bone_whiskers2_1_R/Dragon_Bone_whiskers2_2_R","scale":[1,1,1],"children":[32],"position":[0.0727899149060249,1.13686835180517e-15,0],"quat":[-7.18999274340604e-7,-1.32999346647011e-7,-0.140687346458435,0.990054070949554],"uniqueBindPose":[-0.6173425912857056,-0.17906448245048523,-0.7660446166992188,0,0.6425120234489441,-0.6766462326049805,-0.359622061252594,0,-0.4539458453655243,-0.7142025828361511,0.5327736735343933,0,0.0746876522898674,-0.36686939001083374,-0.18937227129936218,1]},{"name":"Dragon_Bone_whiskers2_3_R","parent":null,"path":"Dragon_Root/Move/Dargon_Ctrl_Spring/Dargon_Ctl_Neck/Dargon_Ctl_Head/Dragon_Bone_Head/Dragon_Bone_Jaw_0/Dragon_Bone_Jaw_1/Dragon_Bone_whiskers2_1_R/Dragon_Bone_whiskers2_2_R/Dragon_Bone_whiskers2_3_R","scale":[1,1,1],"children":[33],"position":[0.0971020460128784,-1.13686835180517e-15,3.0517577442879e-7],"quat":[-0.0813497453927994,-0.195067957043648,-0.266501933336258,0.940376222133636],"uniqueBindPose":[-0.7128588557243347,-0.442722350358963,-0.5439020991325378,0,0.6724955439567566,-0.21151000261306763,-0.709234356880188,0,0.19895321130752563,-0.8713554739952087,0.44850555062294006,0,0.07702936232089996,-0.3125624656677246,-0.2594775855541229,1]},{"name":"Bone079","parent":null,"path":"Dragon_Root/Move/Dargon_Ctrl_Spring/Dargon_Ctl_Neck/Dargon_Ctl_Head/Dragon_Bone_Head/Dragon_Bone_Jaw_0/Dragon_Bone_Jaw_1/Dragon_Bone_whiskers2_1_R/Dragon_Bone_whiskers2_2_R/Dragon_Bone_whiskers2_3_R/Bone079","scale":[1,1,1],"position":[0.123448483645916,-7.62939407650265e-7,0],"quat":[0.00619347719475627,0.00744797894731164,0.027490358799696,0.999575138092041]},{"name":"Dragon_Bone_whiskers2_1_L","parent":null,"path":"Dragon_Root/Move/Dargon_Ctrl_Spring/Dargon_Ctl_Neck/Dargon_Ctl_Head/Dragon_Bone_Head/Dragon_Bone_Jaw_0/Dragon_Bone_Jaw_1/Dragon_Bone_whiskers2_1_L","scale":[1,1,0.999998986721039],"children":[35],"position":[0.170490711927414,0.0217538438737392,-0.110219419002533],"quat":[0.297560095787048,0.246988222002983,-0.709600210189819,0.589001178741455],"uniqueBindPose":[0.7132501006126404,-6.060914188310562e-7,-0.7009095549583435,0,0.39213892817497253,-0.8288490176200867,0.3990439474582672,0,-0.580948531627655,-0.5594719648361206,-0.5911766290664673,0,0.02493114583194256,-0.3731527626514435,0.18262162804603577,1]},{"name":"Dragon_Bone_whiskers2_2_L","parent":null,"path":"Dragon_Root/Move/Dargon_Ctrl_Spring/Dargon_Ctl_Neck/Dargon_Ctl_Head/Dragon_Bone_Head/Dragon_Bone_Jaw_0/Dragon_Bone_Jaw_1/Dragon_Bone_whiskers2_1_L/Dragon_Bone_whiskers2_2_L","scale":[1,1,1],"children":[36],"position":[0.0727899149060249,0,9.15527323286369e-7],"quat":[-4.91932325985545e-7,-1.78435229258866e-7,-0.140687331557274,0.990054070949554],"uniqueBindPose":[0.6850153803825378,0.19869466125965118,-0.7009097337722778,0,0.6075137257575989,-0.6867981553077698,0.39904293417930603,0,-0.40209585428237915,-0.699162483215332,-0.591177225112915,0,0.05798739194869995,-0.37171366810798645,0.18262121081352234,1]},{"name":"Dragon_Bone_whiskers2_3_L","parent":null,"path":"Dragon_Root/Move/Dargon_Ctrl_Spring/Dargon_Ctl_Neck/Dargon_Ctl_Head/Dragon_Bone_Head/Dragon_Bone_Jaw_0/Dragon_Bone_Jaw_1/Dragon_Bone_whiskers2_1_L/Dragon_Bone_whiskers2_2_L/Dragon_Bone_whiskers2_3_L","scale":[1,1,1],"children":[37],"position":[0.101564325392246,0,0],"quat":[-0.0287184622138739,0.192234039306641,-0.229907765984535,0.953605651855469],"uniqueBindPose":[0.7203724384307861,0.5705111622810364,-0.3944372534751892,0,0.6660906672477722,-0.4105125069618225,0.6227381825447083,0,0.19335775077342987,-0.7113340497016907,-0.6757339835166931,0,0.06680183857679367,-0.37657609581947327,0.1647678166627884,1]},{"name":"Bone082","parent":null,"path":"Dragon_Root/Move/Dargon_Ctrl_Spring/Dargon_Ctl_Neck/Dargon_Ctl_Head/Dragon_Bone_Head/Dragon_Bone_Jaw_0/Dragon_Bone_Jaw_1/Dragon_Bone_whiskers2_1_L/Dragon_Bone_whiskers2_2_L/Dragon_Bone_whiskers2_3_L/Bone082","scale":[1,1,1],"position":[0.122415766119957,-9.15527323286369e-7,0],"quat":[-0.00594921549782157,-0.0157449021935463,0.0248755477368832,0.999548852443695]},{"name":"Dragon_Bone_Head_HairA_0","parent":null,"path":"Dragon_Root/Move/Dargon_Ctrl_Spring/Dargon_Ctl_Neck/Dargon_Ctl_Head/Dragon_Bone_Head/Dragon_Bone_Head_HairA_0","scale":[1,1,1],"children":[39],"position":[0.212171629071236,0.172145694494247,-2.84217087951293e-16],"quat":[0.000017312187992502,0.0000491983773827087,0.940859138965607,0.338797956705093],"uniqueBindPose":[-5.662435569320223e-7,1.1439306035754271e-7,-0.9999993443489075,0,0.7608535885810852,0.6489229202270508,-3.565963595519861e-7,0,0.6489228010177612,-0.7608537673950195,-4.544848479781649e-7,0,0.17357948422431946,0.374774307012558,-3.226355715924001e-7,1]},{"name":"Dragon_Bone_Head_HairA_1","parent":null,"path":"Dragon_Root/Move/Dargon_Ctrl_Spring/Dargon_Ctl_Neck/Dargon_Ctl_Head/Dragon_Bone_Head/Dragon_Bone_Head_HairA_0/Dragon_Bone_Head_HairA_1","scale":[1,1,1],"children":[40],"position":[0.1554174721241,-6.10351548857579e-7,3.0517577442879e-7],"quat":[-0.00709459464997053,0.0334997028112411,0.256460875272751,0.965947866439819],"uniqueBindPose":[0.06971340626478195,-0.0024341202806681395,-0.9975634813308716,0,0.9721726775169373,0.22436055541038513,0.0673915445804596,0,0.2236499786376953,-0.9745028614997864,0.01800733059644699,0,0.18872883915901184,0.32405751943588257,0.012398005463182926,1]},{"name":"Dragon_Bone_Head_HairA_2","parent":null,"path":"Dragon_Root/Move/Dargon_Ctrl_Spring/Dargon_Ctl_Neck/Dargon_Ctl_Head/Dragon_Bone_Head/Dragon_Bone_Head_HairA_0/Dragon_Bone_Head_HairA_1/Dragon_Bone_Head_HairA_2","scale":[1,1,1],"children":[41],"position":[0.17721863090992,0,-2.84217087951293e-16],"quat":[0.00263900309801102,0.0586830116808414,-0.0125992158427835,0.998193681240082],"uniqueBindPose":[0.19063971936702728,0.004866264760494232,-0.9816473722457886,0,0.9281499981880188,0.32475122809410095,0.18186017870903015,0,0.3196762800216675,-0.9457866549491882,0.057393863797187805,0,-0.023769859224557877,0.32348543405532837,0.00957256555557251,1]},{"name":"Dragon_Bone_Head_HairA_3","parent":null,"path":"Dragon_Root/Move/Dargon_Ctrl_Spring/Dargon_Ctl_Neck/Dargon_Ctl_Head/Dragon_Bone_Head/Dragon_Bone_Head_HairA_0/Dragon_Bone_Head_HairA_1/Dragon_Bone_Head_HairA_2/Dragon_Bone_Head_HairA_3","scale":[1,1,1],"children":[42],"position":[0.173604726791382,-3.0517577442879e-7,0],"quat":[0.0528604313731194,0.242357656359673,-0.00541815254837275,0.968730688095093],"uniqueBindPose":[0.6425607800483704,0.05404162406921387,-0.7643259167671204,0,0.6175877451896667,0.5539084672927856,0.5583636164665222,0,0.4535415470600128,-0.8308215737342834,0.32254451513290405,0,-0.24351617693901062,0.2613786458969116,-0.1267763376235962,1]},{"name":"Bone035","parent":null,"path":"Dragon_Root/Move/Dargon_Ctrl_Spring/Dargon_Ctl_Neck/Dargon_Ctl_Head/Dragon_Bone_Head/Dragon_Bone_Head_HairA_0/Dragon_Bone_Head_HairA_1/Dragon_Bone_Head_HairA_2/Dragon_Bone_Head_HairA_3/Bone035","scale":[1,1,1],"position":[0.0666003376245499,-5.68434175902586e-16,-5.68434175902586e-16],"quat":[-0.010051853954792,-0.0192630756646395,0.116391159594059,0.992965757846832]},{"name":"Dragon_Bone_Head_HairC_R_0","parent":null,"path":"Dragon_Root/Move/Dargon_Ctrl_Spring/Dargon_Ctl_Neck/Dargon_Ctl_Head/Dragon_Bone_Head/Dragon_Bone_Head_HairC_R_0","scale":[0.999998986721039,1,0.999998986721039],"children":[44],"position":[0.154957264661789,0.0393817126750946,0.0687713623046875],"quat":[0.156070217490196,0.707181751728058,0.670340418815613,-0.161801770329475],"uniqueBindPose":[-0.4380873739719391,-0.8975998759269714,0.04892657324671745,0,0.8989247679710388,-0.43766483664512634,0.01960667409002781,0,0.0038144919089972973,0.05257069319486618,0.998610258102417,0,0.2556267976760864,-0.20301951467990875,-0.0300890002399683,1]},{"name":"Dragon_Bone_Head_HairC_R_1","parent":null,"path":"Dragon_Root/Move/Dargon_Ctrl_Spring/Dargon_Ctl_Neck/Dargon_Ctl_Head/Dragon_Bone_Head/Dragon_Bone_Head_HairC_R_0/Dragon_Bone_Head_HairC_R_1","scale":[1,1,1],"children":[45],"position":[0.312824696302414,6.10351548857579e-7,-2.84217087951293e-16],"quat":[-7.01773927858085e-9,-0.0637099295854568,7.01773794631322e-9,0.997968435287476],"uniqueBindPose":[-0.42830950021743774,-0.8976000547409058,0.10423704981803894,0,0.8941206336021423,-0.4376648962497711,-0.09486068785190582,0,0.13076786696910858,0.05257071927189827,0.9900186061859131,0,-0.0605594702064991,-0.20301955938339233,-0.022571438923478127,1]},{"name":"Dragon_Bone_Head_HairC_R_2","parent":null,"path":"Dragon_Root/Move/Dargon_Ctrl_Spring/Dargon_Ctl_Neck/Dargon_Ctl_Head/Dragon_Bone_Head/Dragon_Bone_Head_HairC_R_0/Dragon_Bone_Head_HairC_R_1/Dragon_Bone_Head_HairC_R_2","scale":[1,1,1],"children":[46],"position":[0.359177857637405,6.10351548857579e-7,-3.0517577442879e-7],"quat":[0.0699509009718895,-0.140237733721733,-0.182652771472931,0.970607161521912],"uniqueBindPose":[-0.021299857646226883,-0.9528915882110596,0.30256202816963196,0,0.9396613240242004,-0.12243511527776718,-0.3194478750228882,0,0.3414435386657715,0.27750149369239807,0.8980029821395874,0,-0.30482134222984314,-0.3322981595993042,0.12069600075483322,1]},{"name":"Dragon_Bone_Head_HairC_R_3","parent":null,"path":"Dragon_Root/Move/Dargon_Ctrl_Spring/Dargon_Ctl_Neck/Dargon_Ctl_Head/Dragon_Bone_Head/Dragon_Bone_Head_HairC_R_0/Dragon_Bone_Head_HairC_R_1/Dragon_Bone_Head_HairC_R_2/Dragon_Bone_Head_HairC_R_3","scale":[1,1,1],"children":[47],"position":[0.285797119140625,-9.15527323286369e-7,-3.0517577442879e-7],"quat":[0.0162989553064108,-0.199884936213493,-0.10840418189764,0.973667740821838],"uniqueBindPose":[0.3049677610397339,-0.9116320610046387,0.2755393385887146,0,0.7459197640419006,0.04876387119293213,-0.6642490029335022,0,0.592114269733429,0.40810441970825195,0.6948755979537964,0,-0.41067495942115784,-0.4360809922218323,0.3391147255897522,1]},{"name":"Bone047","parent":null,"path":"Dragon_Root/Move/Dargon_Ctrl_Spring/Dargon_Ctl_Neck/Dargon_Ctl_Head/Dragon_Bone_Head/Dragon_Bone_Head_HairC_R_0/Dragon_Bone_Head_HairC_R_1/Dragon_Bone_Head_HairC_R_2/Dragon_Bone_Head_HairC_R_3/Bone047","scale":[1,1,1],"position":[0.177405089139938,1.52587887214395e-7,-6.10351548857579e-7],"quat":[-0.0873406082391739,0.327369928359985,0.143343687057495,0.929867267608643]},{"name":"Dragon_Bone_Head_HairB_R_0","parent":null,"path":"Dragon_Root/Move/Dargon_Ctrl_Spring/Dargon_Ctl_Neck/Dargon_Ctl_Head/Dragon_Bone_Head/Dragon_Bone_Head_HairB_R_0","scale":[0.999998986721039,0.999998986721039,1],"children":[49],"position":[0.171043694019318,0.100188441574574,0.118307188153267],"quat":[0.189064279198647,0.614477276802063,0.60705292224884,-0.467075109481812],"uniqueBindPose":[-0.8035581707954407,-0.5694260001182556,-0.1733464002609253,0,0.4921906292438507,-0.7994306683540344,0.34447023272514343,0,-0.33472856879234314,0.19148238003253937,0.9226546883583069,0,0.10305136442184448,-0.35374322533607483,0.0018189719412475824,1]},{"name":"Dragon_Bone_Head_HairB_R_1","parent":null,"path":"Dragon_Root/Move/Dargon_Ctrl_Spring/Dargon_Ctl_Neck/Dargon_Ctl_Head/Dragon_Bone_Head/Dragon_Bone_Head_HairB_R_0/Dragon_Bone_Head_HairB_R_1","scale":[1,1,1],"children":[50],"position":[0.11311736702919,-6.10351548857579e-7,-2.84217087951293e-16],"quat":[0.00164228526409715,-0.0627591609954834,-0.149469882249832,0.986771166324615],"uniqueBindPose":[-0.6146188974380493,-0.7846654057502747,-0.0808960348367691,0,0.7448022961616516,-0.6110389828681946,0.26814430952072144,0,-0.2598342299461365,0.10455495864152908,0.9599764943122864,0,0.09510934352874756,-0.3408623933792114,-0.0024338001385331154,1]},{"name":"Dragon_Bone_Head_HairB_R_2","parent":null,"path":"Dragon_Root/Move/Dargon_Ctrl_Spring/Dargon_Ctl_Neck/Dargon_Ctl_Head/Dragon_Bone_Head/Dragon_Bone_Head_HairB_R_0/Dragon_Bone_Head_HairB_R_1/Dragon_Bone_Head_HairB_R_2","scale":[1,1,1],"children":[51],"position":[0.111835934221745,1.13686835180517e-15,2.28881830821592e-7],"quat":[0.0653497353196144,-0.144089683890343,-0.0395927838981152,0.986610352993011],"uniqueBindPose":[-0.5336733460426331,-0.8233006596565247,0.19331279397010803,0,0.8456372618675232,-0.522106409072876,0.11092402040958405,0,0.009606018662452698,0.2226695567369461,0.9748467206954956,0,0.016390617936849594,-0.3382158577442169,0.04259508475661278,1]},{"name":"Dragon_Bone_Head_HairB_R_3","parent":null,"path":"Dragon_Root/Move/Dargon_Ctrl_Spring/Dargon_Ctl_Neck/Dargon_Ctl_Head/Dragon_Bone_Head/Dragon_Bone_Head_HairB_R_0/Dragon_Bone_Head_HairB_R_1/Dragon_Bone_Head_HairB_R_2/Dragon_Bone_Head_HairB_R_3","scale":[1,1,1],"children":[52],"position":[0.110140986740589,0.00000122070309771516,5.68434175902586e-16],"quat":[-0.0723400413990021,-0.288850098848343,-0.00522536365315318,0.954623103141785],"uniqueBindPose":[-0.36402758955955505,-0.8683816194534302,0.336745947599411,0,0.7491267919540405,-0.4878220558166504,-0.44815126061439514,0,0.5534384846687317,0.08912590891122818,0.8281081914901733,0,-0.06533859670162201,-0.34526515007019043,0.03893902525305748,1]},{"name":"Dragon_Bone_Head_HairB_R_4","parent":null,"path":"Dragon_Root/Move/Dargon_Ctrl_Spring/Dargon_Ctl_Neck/Dargon_Ctl_Head/Dragon_Bone_Head/Dragon_Bone_Head_HairB_R_0/Dragon_Bone_Head_HairB_R_1/Dragon_Bone_Head_HairB_R_2/Dragon_Bone_Head_HairB_R_3/Dragon_Bone_Head_HairB_R_4","scale":[1,1,1],"children":[53],"position":[0.101980283856392,0,0],"quat":[0.272540837526321,0.200391322374344,-0.295226782560349,0.893535673618317],"uniqueBindPose":[-0.08282065391540527,-0.6956556439399719,0.7135852575302124,0,0.9950688481330872,-0.018503012135624886,0.09745211154222488,0,-0.05458968132734299,0.718137264251709,0.6937569975852966,0,-0.00047942023957148194,-0.325982004404068,0.2060469537973404,1]},{"name":"Dragon_Bone_Head_HairB_R_5","parent":null,"path":"Dragon_Root/Move/Dargon_Ctrl_Spring/Dargon_Ctl_Neck/Dargon_Ctl_Head/Dragon_Bone_Head/Dragon_Bone_Head_HairB_R_0/Dragon_Bone_Head_HairB_R_1/Dragon_Bone_Head_HairB_R_2/Dragon_Bone_Head_HairB_R_3/Dragon_Bone_Head_HairB_R_4/Dragon_Bone_Head_HairB_R_5","scale":[1,1,1],"children":[54],"position":[0.125324711203575,0,2.84217087951293e-16],"quat":[0.026815852150321,0.000651560723781586,-0.299934208393097,0.95358270406723],"uniqueBindPose":[0.31762292981147766,-0.5806547999382019,0.7496371269226074,0,0.8249286413192749,0.5590366721153259,0.08349508792161942,0,-0.46755659580230713,0.591877281665802,0.656561017036438,0,0.07971847057342529,-0.32837244868278503,0.22441668808460236,1]},{"name":"Dragon_Bone_Head_HairB_R_6","parent":null,"path":"Dragon_Root/Move/Dargon_Ctrl_Spring/Dargon_Ctl_Neck/Dargon_Ctl_Head/Dragon_Bone_Head/Dragon_Bone_Head_HairB_R_0/Dragon_Bone_Head_HairB_R_1/Dragon_Bone_Head_HairB_R_2/Dragon_Bone_Head_HairB_R_3/Dragon_Bone_Head_HairB_R_4/Dragon_Bone_Head_HairB_R_5/Dragon_Bone_Head_HairB_R_6","scale":[1,1,1],"children":[55],"position":[0.152388915419579,-6.10351548857579e-7,1.42108543975646e-16],"quat":[0.156033664941788,-0.360510289669037,0.386763989925385,0.834325730800629],"uniqueBindPose":[0.37205830216407776,-0.6332520246505737,0.6786493062973022,0,0.7219037413597107,-0.2621723711490631,-0.6404068470001221,0,0.5834618210792542,0.7281879782676697,0.3596036434173584,0,-0.044932249933481216,-0.16321882605552673,0.367169052362442,1]},{"name":"Dragon_Bone_Head_HairB_R_7","parent":null,"path":"Dragon_Root/Move/Dargon_Ctrl_Spring/Dargon_Ctl_Neck/Dargon_Ctl_Head/Dragon_Bone_Head/Dragon_Bone_Head_HairB_R_0/Dragon_Bone_Head_HairB_R_1/Dragon_Bone_Head_HairB_R_2/Dragon_Bone_Head_HairB_R_3/Dragon_Bone_Head_HairB_R_4/Dragon_Bone_Head_HairB_R_5/Dragon_Bone_Head_HairB_R_6/Dragon_Bone_Head_HairB_R_7","scale":[1,1,1],"children":[56],"position":[0.103167720139027,-5.68434175902586e-16,-3.0517577442879e-7],"quat":[-0.0443003810942173,-0.00570427207276225,-0.127572074532509,0.990823030471802],"uniqueBindPose":[0.5350335836410522,-0.5744985938072205,0.6194277405738831,0,0.7500271201133728,-0.01445803977549076,-0.6612491607666016,0,0.38884222507476807,0.8183780312538147,0.4231540560722351,0,-0.09378956258296967,-0.2264789491891861,0.3511379659175873,1]},{"name":"Bone033","parent":null,"path":"Dragon_Root/Move/Dargon_Ctrl_Spring/Dargon_Ctl_Neck/Dargon_Ctl_Head/Dragon_Bone_Head/Dragon_Bone_Head_HairB_R_0/Dragon_Bone_Head_HairB_R_1/Dragon_Bone_Head_HairB_R_2/Dragon_Bone_Head_HairB_R_3/Dragon_Bone_Head_HairB_R_4/Dragon_Bone_Head_HairB_R_5/Dragon_Bone_Head_HairB_R_6/Dragon_Bone_Head_HairB_R_7/Bone033","scale":[1,1,1],"position":[0.119882196187973,3.0517577442879e-7,0],"quat":[0.0117483204230666,-0.0534385591745377,0.24663382768631,0.967562913894653]},{"name":"Dragon_Bone_whiskers_0_R","parent":null,"path":"Dragon_Root/Move/Dargon_Ctrl_Spring/Dargon_Ctl_Neck/Dargon_Ctl_Head/Dragon_Bone_Head/Dragon_Bone_whiskers_0_R","scale":[1,1,1],"children":[58],"position":[0.486550897359848,0.00326843257062137,0.0176358036696911],"quat":[0.411230772733688,0.649620592594147,0.540283918380737,-0.342017024755478],"uniqueBindPose":[-0.8887253403663635,-0.4206629991531372,0.18223394453525543,0,0.42782673239707947,-0.9038607478141785,3.432345181408891e-7,0,0.16471394896507263,0.07796493172645569,0.9832547307014465,0,0.26166507601737976,-0.5948929190635681,-0.00035668862983584404,1]},{"name":"Dragon_Bone_whiskers_1_R","parent":null,"path":"Dragon_Root/Move/Dargon_Ctrl_Spring/Dargon_Ctl_Neck/Dargon_Ctl_Head/Dragon_Bone_Head/Dragon_Bone_whiskers_0_R/Dragon_Bone_whiskers_1_R","scale":[1,1,1],"children":[59],"position":[0.120355524122715,-6.10351548857579e-7,1.52587887214395e-7],"quat":[0.0479151085019112,0.254345148801804,-0.178821533918381,0.949228942394257],"uniqueBindPose":[-0.6754632592201233,-0.7151988744735718,-0.17955325543880463,0,0.6299281120300293,-0.6862360239028931,0.3636896014213562,0,-0.38332638144493103,0.13255342841148376,0.9140511751174927,0,0.3016246557235718,-0.502698540687561,0.17373126745224,1]},{"name":"Dragon_Bone_whiskers_2_R","parent":null,"path":"Dragon_Root/Move/Dargon_Ctrl_Spring/Dargon_Ctl_Neck/Dargon_Ctl_Head/Dragon_Bone_Head/Dragon_Bone_whiskers_0_R/Dragon_Bone_whiskers_1_R/Dragon_Bone_whiskers_2_R","scale":[1,1,1],"children":[60],"position":[0.229405507445335,-6.10351548857579e-7,-7.62939436071974e-8],"quat":[0.0045814011245966,0.0789124593138695,-0.0476413369178772,0.995731949806213],"uniqueBindPose":[-0.5683513283729553,-0.7767841815948486,-0.2712618112564087,0,0.6265214681625366,-0.6222880482673645,0.46928465366363525,0,-0.5333359837532043,0.09676723927259445,0.8403500914573669,0,0.09094396978616714,-0.4932127892971039,0.1912441998720169,1]},{"name":"Dragon_Bone_whiskers_3_R","parent":null,"path":"Dragon_Root/Move/Dargon_Ctrl_Spring/Dargon_Ctl_Neck/Dargon_Ctl_Head/Dragon_Bone_Head/Dragon_Bone_whiskers_0_R/Dragon_Bone_whiskers_1_R/Dragon_Bone_whiskers_2_R/Dragon_Bone_whiskers_3_R","scale":[1,1,1],"children":[61],"position":[0.206754148006439,6.10351548857579e-7,2.84217087951293e-16],"quat":[0.0000300745996355545,-0.0387299843132496,-0.0410966165363789,0.998404264450073],"uniqueBindPose":[-0.5219578146934509,-0.8216787576675415,-0.22891849279403687,0,0.7098849415779114,-0.5672516226768494,0.4174788296222687,0,-0.4728880226612091,0.055400557816028595,0.8793788552284241,0,-0.059806350618600845,-0.5004296898841858,0.1980866640806198,1]},{"name":"Dragon_Bone_whiskers_4_R","parent":null,"path":"Dragon_Root/Move/Dargon_Ctrl_Spring/Dargon_Ctl_Neck/Dargon_Ctl_Head/Dragon_Bone_Head/Dragon_Bone_whiskers_0_R/Dragon_Bone_whiskers_1_R/Dragon_Bone_whiskers_2_R/Dragon_Bone_whiskers_3_R/Dragon_Bone_whiskers_4_R","scale":[1,1,1],"children":[62],"position":[0.196671143174171,0,0],"quat":[-0.0355184935033321,-0.138557717204094,-0.162119761109352,0.976348996162415],"uniqueBindPose":[-0.28702017664909363,-0.9411948919296265,-0.1782444566488266,0,0.9370662569999695,-0.3144856095314026,0.15167662501335144,0,-0.19881270825862885,-0.12349259853363037,0.972225546836853,0,-0.023776065558195114,-0.5614189505577087,0.19922974705696106,1]},{"name":"Dragon_Bone_whiskers_5_R","parent":null,"path":"Dragon_Root/Move/Dargon_Ctrl_Spring/Dargon_Ctl_Neck/Dargon_Ctl_Head/Dragon_Bone_Head/Dragon_Bone_whiskers_0_R/Dragon_Bone_whiskers_1_R/Dragon_Bone_whiskers_2_R/Dragon_Bone_whiskers_3_R/Dragon_Bone_whiskers_4_R/Dragon_Bone_whiskers_5_R","scale":[1,1,1],"children":[63],"position":[0.161047965288162,0,7.62939436071974e-8],"quat":[-0.00621738145127892,-0.119859337806702,-0.133458346128464,0.983760118484497],"uniqueBindPose":[-0.0651412084698677,-0.9869105219841003,-0.14752349257469177,0,0.9948920011520386,-0.05280810222029686,-0.08603052794933319,0,0.07711406797170639,-0.1523740291595459,0.9853096604347229,0,0.020966069772839546,-0.5862467288970947,0.21194064617156982,1]},{"name":"Bone028","parent":null,"path":"Dragon_Root/Move/Dargon_Ctrl_Spring/Dargon_Ctl_Neck/Dargon_Ctl_Head/Dragon_Bone_Head/Dragon_Bone_whiskers_0_R/Dragon_Bone_whiskers_1_R/Dragon_Bone_whiskers_2_R/Dragon_Bone_whiskers_3_R/Dragon_Bone_whiskers_4_R/Dragon_Bone_whiskers_5_R/Bone028","scale":[1,1,1],"position":[0.224581897258759,-3.0517577442879e-7,0],"quat":[-0.0229712575674057,0.132770225405693,-0.0270252451300621,0.990512013435364]},{"name":"Dragon_Bone_whiskers_0_L","parent":null,"path":"Dragon_Root/Move/Dargon_Ctrl_Spring/Dargon_Ctl_Neck/Dargon_Ctl_Head/Dragon_Bone_Head/Dragon_Bone_whiskers_0_L","scale":[1,1,1],"children":[65],"position":[0.486551493406296,0.00326843257062137,-0.0176348872482777],"quat":[-0.342016577720642,0.540284097194672,0.649620711803436,0.411230683326721],"uniqueBindPose":[0.8887242078781128,-0.4206641912460327,-0.1822364181280136,0,0.4278281629085541,0.9038596749305725,-4.382676195291424e-7,0,0.16471634805202484,-0.07796552032232285,0.9832543730735779,0,0.2616666257381439,0.5948919653892517,-0.0003573215799406171,1]},{"name":"Dragon_Bone_whiskers_1_L","parent":null,"path":"Dragon_Root/Move/Dargon_Ctrl_Spring/Dargon_Ctl_Neck/Dargon_Ctl_Head/Dragon_Bone_Head/Dragon_Bone_whiskers_0_L/Dragon_Bone_whiskers_1_L","scale":[1,1,1],"children":[66],"position":[0.120354913175106,2.27373670361034e-15,-1.52587887214395e-7],"quat":[-0.0479152798652649,0.254345268011093,0.178821340203285,0.949228942394257],"uniqueBindPose":[0.6754634976387024,-0.7151992917060852,0.17955033481121063,0,0.6299291253089905,0.6862349510192871,0.36368975043296814,0,-0.3833244740962982,-0.13255523145198822,0.91405189037323,0,0.3016257584095001,0.5026974081993103,0.1737314760684967,1]},{"name":"Dragon_Bone_whiskers_2_L","parent":null,"path":"Dragon_Root/Move/Dargon_Ctrl_Spring/Dargon_Ctl_Neck/Dargon_Ctl_Head/Dragon_Bone_Head/Dragon_Bone_whiskers_0_L/Dragon_Bone_whiskers_1_L/Dragon_Bone_whiskers_2_L","scale":[1,1,1],"children":[67],"position":[0.229406729340553,6.10351548857579e-7,4.57763661643185e-7],"quat":[-0.00458142440766096,0.0789123326539993,0.0476415120065212,0.995731949806213],"uniqueBindPose":[0.5683518052101135,-0.7767844796180725,0.271258682012558,0,0.6265226006507874,0.6222864985466003,0.4692848026752472,0,-0.5333341360092163,-0.09676914662122726,0.8403511047363281,0,0.0909450426697731,0.4932112693786621,0.19124460220336914,1]},{"name":"Dragon_Bone_whiskers_3_L","parent":null,"path":"Dragon_Root/Move/Dargon_Ctrl_Spring/Dargon_Ctl_Neck/Dargon_Ctl_Head/Dragon_Bone_Head/Dragon_Bone_whiskers_0_L/Dragon_Bone_whiskers_1_L/Dragon_Bone_whiskers_2_L/Dragon_Bone_whiskers_3_L","scale":[1,1,1],"children":[68],"position":[0.20675353705883,3.0517577442879e-7,3.0517577442879e-7],"quat":[-0.0000300042211165419,-0.0387299880385399,0.0410965867340565,0.998404264450073],"uniqueBindPose":[0.5219578146934509,-0.8216793537139893,0.22891555726528168,0,0.7098857164382935,0.5672503113746643,0.4174789786338806,0,-0.4728861153125763,-0.05540252476930618,0.8793799877166748,0,-0.05980527773499489,0.500428318977356,0.1980869323015213,1]},{"name":"Dragon_Bone_whiskers_4_L","parent":null,"path":"Dragon_Root/Move/Dargon_Ctrl_Spring/Dargon_Ctl_Neck/Dargon_Ctl_Head/Dragon_Bone_Head/Dragon_Bone_whiskers_0_L/Dragon_Bone_whiskers_1_L/Dragon_Bone_whiskers_2_L/Dragon_Bone_whiskers_3_L/Dragon_Bone_whiskers_4_L","scale":[1,1,1],"children":[69],"position":[0.196671143174171,-6.10351548857579e-7,1.52587887214395e-7],"quat":[0.0355184972286224,-0.138557732105255,0.162119776010513,0.976348996162415],"uniqueBindPose":[0.2870192527770996,-0.9411953687667847,0.17824168503284454,0,0.9370663166046143,0.3144840598106384,0.1516767293214798,0,-0.19881169497966766,0.12349013239145279,0.9722262620925903,0,-0.023775571957230568,0.561417281627655,0.1992298662662506,1]},{"name":"Dragon_Bone_whiskers_5_L","parent":null,"path":"Dragon_Root/Move/Dargon_Ctrl_Spring/Dargon_Ctl_Neck/Dargon_Ctl_Head/Dragon_Bone_Head/Dragon_Bone_whiskers_0_L/Dragon_Bone_whiskers_1_L/Dragon_Bone_whiskers_2_L/Dragon_Bone_whiskers_3_L/Dragon_Bone_whiskers_4_L/Dragon_Bone_whiskers_5_L","scale":[1,1,1],"children":[70],"position":[0.161048576235771,0,-3.0517577442879e-7],"quat":[0.00621746387332678,-0.119859330356121,0.133458241820335,0.983760118484497],"uniqueBindPose":[0.06513973325490952,-0.9869107604026794,0.147521